# y, tke, epsilon, grad_u_11, grad_u_12, grad_u_13, grad_u_21, grad_u_22, grad_u_23, grad_u_31, grad_u_32, grad_u_33, uu_11, uu_12, uu_13, uu_21, uu_22, uu_23, uu_31, uu_32, uu_33
-9.999834895133972168e-01 3.406981647913198685e-07 3.102295100688934326e-02 -1.644413714529946446e-05 4.996473693847656250e+01 -7.703344454057514668e-05 2.891647632452531980e-08 9.599881013855338097e-05 2.530159406433085678e-07 -9.214611964125651866e-06 -4.398805275559425354e-02 -6.301757093751803041e-05 1.185477884746433119e-07 -1.155870017754967449e-11 2.113783870161256573e-10 -1.155870017754967449e-11 3.004003025063733956e-14 -1.235961592809973683e-14 2.113783870161256573e-10 -1.235961592809973683e-14 5.129724200969576486e-08
-9.997805356979370117e-01 1.917525150929577649e-05 3.012343496084213257e-02 -1.457625039620324969e-04 4.995574569702148438e+01 -8.474984206259250641e-04 1.222546870849328116e-06 1.007739570923149586e-03 1.288448856939794496e-05 -1.066186450771056116e-04 -4.797352477908134460e-02 -6.943289772607386112e-04 2.080837293760851026e-05 -2.756454264840613178e-08 3.644458956841845065e-08 -2.756454264840613178e-08 8.765465575599762360e-10 -1.287415486717069513e-12 3.644458956841845065e-08 -1.287415486717069513e-12 8.604516551713459194e-06
-9.992337822914123535e-01 1.880102354334667325e-04 2.825719118118286133e-02 -2.938771503977477551e-04 4.991569900512695312e+01 -2.998569980263710022e-03 8.508191967848688364e-06 3.230804577469825745e-03 1.177975864266045392e-04 -3.998175961896777153e-04 -5.811549723148345947e-02 -2.436372218653559685e-03 2.512552309781312943e-04 -1.222975470227538608e-06 3.996940449724206701e-07 -1.222975470227538608e-06 1.101438229511586542e-07 3.011991545065484388e-09 3.996940449724206701e-07 3.011991545065484388e-09 9.207014954881742597e-05
-9.983180761337280273e-01 8.069106261245906353e-04 2.660810388624668121e-02 -1.109673830796964467e-04 4.974985122680664062e+01 -5.986537784337997437e-03 2.221885370090603828e-05 5.611617583781480789e-03 4.375347925815731287e-04 -7.838152232579886913e-04 -6.963450461626052856e-02 -4.704229533672332764e-03 1.192057738080620766e-03 -1.341878032690146938e-05 1.413546783624042291e-06 -1.341878032690146938e-05 1.950862724697799422e-06 7.596460704917262774e-08 1.413546783624042291e-06 7.596460704917262774e-08 3.604049852583557367e-04
-9.970615506172180176e-01 2.205974189564585686e-03 2.395720593631267548e-02 8.674237760715186596e-04 4.874241256713867188e+01 -1.145122665911912918e-02 6.177216710057109594e-05 8.598819375038146973e-03 1.528521534055471420e-03 -1.232025097124278545e-03 -8.582299947738647461e-02 -8.369011804461479187e-03 3.486251458525657654e-03 -6.989351822994649410e-05 2.253882939839968458e-06 -6.989351822994649410e-05 1.279166644962970167e-05 5.788478460999613162e-07 2.253882939839968458e-06 5.788478460999613162e-07 8.420007070526480675e-04
-9.954646825790405273e-01 4.493839573115110397e-03 2.091642282903194427e-02 2.412902889773249626e-03 4.613452529907226562e+01 -1.599635370075702667e-02 1.378666784148663282e-04 9.845928288996219635e-03 3.389751538634300232e-03 -1.223435276187956333e-03 -9.639187902212142944e-02 -1.116233319044113159e-02 7.427947130054235458e-03 -2.249664248665794730e-04 1.311179630647529848e-06 -2.249664248665794730e-04 4.807094228453934193e-05 2.137253204637090676e-06 1.311179630647529848e-06 2.137253204637090676e-06 1.472873962484300137e-03
-9.935279488563537598e-01 7.259089034050703049e-03 1.824017055332660675e-02 4.335908219218254089e-03 4.023228454589843750e+01 -1.799426972866058350e-02 1.695001992629840970e-04 8.464167825877666473e-03 6.383744999766349792e-03 -1.302763121202588081e-04 -1.008533239364624023e-01 -1.270387042313814163e-02 1.225345022976398468e-02 -5.053090280853211880e-04 -3.224902684451080859e-06 -5.053090280853211880e-04 1.266858453163877130e-04 4.486309080675709993e-06 -3.224902684451080859e-06 4.486309080675709993e-06 2.160361269488930702e-03
-9.912521243095397949e-01 9.758296422660350800e-03 1.747231930494308472e-02 4.889518022537231445e-03 3.374269104003906250e+01 -1.897008903324604034e-02 -2.528237819205969572e-04 7.268039509654045105e-03 8.396242745220661163e-03 2.079402795061469078e-03 -1.024919077754020691e-01 -1.242383569478988647e-02 1.647777110338211060e-02 -8.690935210324823856e-04 -1.334838816546835005e-05 -8.690935210324823856e-04 2.624699554871767759e-04 5.889788099011639133e-06 -1.334838816546835005e-05 5.889788099011639133e-06 2.838271670043468475e-03
-9.886378645896911621e-01 1.147800404578447342e-02 1.690996252000331879e-02 4.503262694925069809e-03 2.527461433410644531e+01 -2.206865139305591583e-02 -1.215151394717395306e-03 6.899546831846237183e-03 9.274522773921489716e-03 4.506665747612714767e-03 -9.646650403738021851e-02 -1.011795829981565475e-02 1.909219287335872650e-02 -1.237411168403923512e-03 -2.841544119291938841e-05 -1.237411168403923512e-03 4.595274222083389759e-04 6.724119884893298149e-06 -2.841544119291938841e-05 6.724119884893298149e-06 3.469299757853150368e-03
-9.856861829757690430e-01 1.234873011708259583e-02 1.590321399271488190e-02 7.742455229163169861e-03 1.867783927917480469e+01 -2.624766528606414795e-02 -1.038872171193361282e-03 -1.833015703596174717e-03 6.452870089560747147e-03 3.643341129645705223e-03 -7.676795125007629395e-02 -5.253886803984642029e-03 2.001428231596946716e-02 -1.549147884361445904e-03 -5.009138112654909492e-05 -1.549147884361445904e-03 7.118124631233513355e-04 1.055194934451719746e-05 -5.009138112654909492e-05 1.055194934451719746e-05 4.020120017230510712e-03
-9.823979735374450684e-01 1.256715599447488785e-02 1.451038569211959839e-02 1.390676572918891907e-02 1.348894023895263672e+01 -2.893256582319736481e-02 3.197254554834216833e-04 -1.680204086005687714e-02 4.028053081128746271e-04 9.646678336139302701e-06 -4.601049795746803284e-02 1.897548208944499493e-03 1.969561912119388580e-02 -1.785093802027404308e-03 -6.443046004278585315e-05 -1.785093802027404308e-03 1.002856530249118805e-03 1.902859185065608472e-05 -6.443046004278585315e-05 1.902859185065608472e-05 4.464472644031047821e-03
-9.787744283676147461e-01 1.239539682865142822e-02 1.296691969037055969e-02 1.235052663832902908e-02 9.837828636169433594e+00 -2.570520341396331787e-02 6.455904076574370265e-05 -2.004410885274410248e-02 -5.073919426649808884e-03 -4.689714405685663223e-03 -7.192145567387342453e-03 8.347732014954090118e-03 1.869683712720870972e-02 -1.951202517375349998e-03 -6.103535270085558295e-05 -1.951202517375349998e-03 1.313185202889144421e-03 2.364855026826262474e-05 -6.103535270085558295e-05 2.364855026826262474e-05 4.792196210473775864e-03
-9.748167395591735840e-01 1.205174997448921204e-02 1.151875499635934830e-02 9.899190627038478851e-03 7.567415714263916016e+00 -1.722302287817001343e-02 -1.408446114510297775e-03 -1.444956380873918533e-02 -5.103636533021926880e-03 -5.525230895727872849e-03 1.110928226262331009e-02 5.441674962639808655e-03 1.745353266596794128e-02 -2.059483435004949570e-03 -5.528940164367668331e-05 -2.059483435004949570e-03 1.623843680135905743e-03 1.771864117472432554e-05 -5.528940164367668331e-05 1.771864117472432554e-05 5.031222943216562271e-03
-9.705263376235961914e-01 1.163787860423326492e-02 1.016592979431152344e-02 7.396113127470016479e-03 5.884019374847412109e+00 -7.339747622609138489e-03 -2.475316403433680534e-03 -6.502793636173009872e-03 -3.653685562312602997e-03 -3.577837953343987465e-03 1.975570060312747955e-02 -1.419498468749225140e-03 1.616928540170192719e-02 -2.135107759386301041e-03 -3.675590414786711335e-05 -2.135107759386301041e-03 1.912923413328826427e-03 1.268854884983738884e-05 -3.675590414786711335e-05 1.268854884983738884e-05 5.194455385208129883e-03
-9.659045934677124023e-01 1.121271494776010513e-02 8.755827322602272034e-03 -5.737172905355691910e-04 4.459629058837890625e+00 9.244322776794433594e-03 -4.200215917080640793e-03 8.031480945646762848e-03 -2.947757719084620476e-03 -1.264572143554687500e-03 2.574361674487590790e-02 -8.840826340019702911e-03 1.498020812869071960e-02 -2.183505799621343613e-03 -5.898447852814570069e-06 -2.183505799621343613e-03 2.160890260711312294e-03 1.167488971987040713e-05 -5.898447852814570069e-06 1.167488971987040713e-05 5.280776415020227432e-03
-9.609531164169311523e-01 1.082894206047058105e-02 7.509731221944093704e-03 -6.651192903518676758e-03 3.506441831588745117e+00 1.098734978586435318e-02 -5.958563182502985001e-03 1.537026744335889816e-02 -5.965862423181533813e-03 4.041026404593139887e-04 2.751454710960388184e-02 -8.619927801191806793e-03 1.395123079419136047e-02 -2.212700666859745979e-03 1.099267410609172657e-05 -2.212700666859745979e-03 2.367173787206411362e-03 7.062680197122972459e-06 1.099267410609172657e-05 7.062680197122972459e-06 5.334964487701654434e-03
-9.556736350059509277e-01 1.049491763114929199e-02 6.526603829115629196e-03 -9.402629919350147247e-03 2.904921531677246094e+00 8.194124326109886169e-03 -6.201231386512517929e-03 1.566238701343536377e-02 -4.023558925837278366e-03 1.452138763852417469e-03 1.953616179525852203e-02 -4.123064223676919937e-03 1.308755297213792801e-02 -2.237656619399785995e-03 1.350705679215025157e-05 -2.237656619399785995e-03 2.531653270125389099e-03 -3.073308221246406902e-07 1.350705679215025157e-05 -3.073308221246406902e-07 5.370001308619976044e-03
-9.500679373741149902e-01 1.018149498850107193e-02 5.717890802770853043e-03 -9.276350028812885284e-03 2.464603185653686523e+00 5.138718057423830032e-03 -3.749467199668288231e-03 2.400874393060803413e-03 1.256095361895859241e-03 -9.340077522210776806e-04 1.343813259154558182e-02 6.419197190552949905e-03 1.233763061463832855e-02 -2.252867212519049644e-03 1.500705820944858715e-05 -2.252867212519049644e-03 2.656660275533795357e-03 -8.068896022450644523e-06 1.500705820944858715e-05 -8.068896022450644523e-06 5.366301629692316055e-03
-9.441378712654113770e-01 9.886906482279300690e-03 5.111213307827711105e-03 -6.794273387640714645e-03 2.169938802719116211e+00 4.094942414667457342e-04 2.854306658264249563e-04 -7.231822703033685684e-03 1.511372975073754787e-03 -3.283594036474823952e-03 9.505008347332477570e-03 1.188539993017911911e-02 1.169494725763797760e-02 -2.252014121040701866e-03 1.213385257869958878e-05 -2.252014121040701866e-03 2.757171867415308952e-03 -1.286529914068523794e-05 1.213385257869958878e-05 -1.286529914068523794e-05 5.321059841662645340e-03
-9.378855228424072266e-01 9.610333479940891266e-03 4.494697321206331253e-03 -3.662598319351673126e-03 1.894014716148376465e+00 -2.833675360307097435e-03 5.013321526348590851e-03 -5.039099138230085373e-03 -6.154449656605720520e-04 3.286094215582124889e-05 -4.387725144624710083e-03 8.462403900921344757e-03 1.117775775492191315e-02 -2.252300502732396126e-03 5.455822702060686424e-06 -2.252300502732396126e-03 2.821001689881086349e-03 -1.041283121594460681e-05 5.455822702060686424e-06 -1.041283121594460681e-05 5.219759885221719742e-03
-9.313130378723144531e-01 9.365815669298171997e-03 4.029955249279737473e-03 -1.509771682322025299e-03 1.712514758110046387e+00 3.217692254111170769e-03 6.965287029743194580e-03 -1.956325257197022438e-03 -6.896841223351657391e-04 5.003798753023147583e-03 -6.345133762806653976e-03 3.240484744310379028e-03 1.077623199671506882e-02 -2.239204710349440575e-03 1.551532477606087923e-05 -2.239204710349440575e-03 2.859227126464247704e-03 -7.470864602510118857e-06 1.551532477606087923e-05 -7.470864602510118857e-06 5.091828759759664536e-03
-9.244226217269897461e-01 9.171192534267902374e-03 3.656644141301512718e-03 -4.399232566356658936e-04 1.571622014045715332e+00 1.082195714116096497e-02 6.045231595635414124e-03 -7.493594312109053135e-04 -2.255600644275546074e-03 4.789323080331087112e-03 4.226170945912599564e-03 8.555380045436322689e-04 1.044856198132038116e-02 -2.225169446319341660e-03 2.330127972527407110e-05 -2.225169446319341660e-03 2.886829664930701256e-03 -5.210600193095160648e-06 2.330127972527407110e-05 -5.210600193095160648e-06 5.004296544939279556e-03
-9.172165989875793457e-01 9.010009467601776123e-03 3.254775656387209892e-03 -7.276032119989395142e-04 1.425633311271667480e+00 1.361072342842817307e-02 1.760298735462129116e-03 -8.319604094140231609e-04 -5.427144467830657959e-03 1.420404878444969654e-03 7.488450501114130020e-04 3.168981522321701050e-03 1.017318479716777802e-02 -2.208428224548697472e-03 3.578655014280229807e-05 -2.208428224548697472e-03 2.899958752095699310e-03 -1.971143774426309392e-06 3.578655014280229807e-05 -1.971143774426309392e-06 4.947243258357048035e-03
-9.096975326538085938e-01 8.849728852510452271e-03 2.962726401165127754e-03 1.291389577090740204e-03 1.320054531097412109e+00 7.072832435369491577e-03 -4.045579116791486740e-03 -5.191404488869011402e-04 -9.150634519755840302e-03 -2.844044938683509827e-03 -4.551581572741270065e-03 1.570262946188449860e-03 9.926473721861839294e-03 -2.193328225985169411e-03 3.496524004731327295e-05 -2.193328225985169411e-03 2.899966435506939888e-03 -4.492284915613709018e-06 3.496524004731327295e-05 -4.492284915613709018e-06 4.870428703725337982e-03
-9.018679261207580566e-01 8.710027672350406647e-03 2.693769754841923714e-03 5.957886110991239548e-03 1.224718451499938965e+00 2.483696443960070610e-04 -7.091876119375228882e-03 -3.523399354889988899e-03 -1.294625271111726761e-02 -4.766101948916912079e-03 -8.348011033376678824e-05 -1.370334997773170471e-03 9.740276262164115906e-03 -2.183098578825592995e-03 2.404586848570033908e-05 -2.183098578825592995e-03 2.896465361118316650e-03 -1.344243992207339033e-05 2.404586848570033908e-05 -1.344243992207339033e-05 4.783134441822767258e-03
-8.937304019927978516e-01 8.575799874961376190e-03 2.457306487485766411e-03 1.186699047684669495e-02 1.131813645362854004e+00 2.017273800447583199e-03 -8.730518631637096405e-03 -6.094902288168668747e-03 -1.208503823727369308e-02 -2.146658021956682205e-03 -3.533235751092433929e-03 -6.005054339766502380e-03 9.582167491316795349e-03 -2.163843717426061630e-03 1.283053461520466954e-05 -2.163843717426061630e-03 2.893749158829450607e-03 -1.525576408312190324e-05 1.283053461520466954e-05 -1.525576408312190324e-05 4.675863310694694519e-03
-8.852878212928771973e-01 8.437490090727806091e-03 2.275022910907864571e-03 1.058597583323717117e-02 1.069480657577514648e+00 4.932204727083444595e-03 -1.055525243282318115e-02 -5.659908521920442581e-03 -6.945824716240167618e-03 3.131592646241188049e-03 -4.499303176999092102e-03 -6.170411128550767899e-03 9.408528916537761688e-03 -2.144266152754426003e-03 1.642883034946862608e-06 -2.144266152754426003e-03 2.891480224207043648e-03 -1.563086334499530494e-05 1.642883034946862608e-06 -1.563086334499530494e-05 4.575191065669059753e-03
-8.765430450439453125e-01 8.303959853947162628e-03 2.113763941451907158e-03 5.177891347557306290e-03 1.017322659492492676e+00 1.260614767670631409e-02 -1.088864076882600784e-02 -6.613614968955516815e-04 -2.681799931451678276e-03 6.992302834987640381e-03 -1.943393959663808346e-03 -5.403195042163133621e-03 9.244389832019805908e-03 -2.128363586962223053e-03 -8.435082236246671528e-06 -2.128363586962223053e-03 2.883719513192772865e-03 -1.181905918201664463e-05 -8.435082236246671528e-06 -1.181905918201664463e-05 4.478099290281534195e-03
-8.674990534782409668e-01 8.181801997125148773e-03 1.931195030920207500e-03 -7.027413084870204329e-05 9.614259600639343262e-01 8.970167487859725952e-03 -1.246608793735504150e-02 4.400833509862422943e-03 -3.850172040984034538e-03 5.770310293883085251e-03 -2.059824066236615181e-03 -4.609944764524698257e-03 9.100680239498615265e-03 -2.108503831550478935e-03 -1.418212195858359337e-05 -2.108503831550478935e-03 2.869812073186039925e-03 -1.552237335999961942e-05 -1.418212195858359337e-05 -1.552237335999961942e-05 4.393660929054021835e-03
-8.581589460372924805e-01 8.055414073169231415e-03 1.815754920244216919e-03 -2.350503345951437950e-03 9.054195284843444824e-01 1.329024415463209152e-02 -1.294218096882104874e-02 9.366220794618129730e-03 -3.942700568586587906e-03 -3.160579071845859289e-04 3.142105182632803917e-03 -6.451295223087072372e-03 8.958146907389163971e-03 -2.085807034745812416e-03 -5.616423550236504525e-06 -2.085807034745812416e-03 2.851011464372277260e-03 -1.727952803776133806e-05 -5.616423550236504525e-06 -1.727952803776133806e-05 4.301074426621198654e-03
-8.485258221626281738e-01 7.931963540613651276e-03 1.676658517681062222e-03 -1.469712588004767895e-03 8.466888070106506348e-01 1.157103478908538818e-02 -7.884835824370384216e-03 4.159780684858560562e-03 -7.427369710057973862e-03 1.295964117161929607e-03 2.012580865994095802e-03 -2.927046967670321465e-03 8.829079568386077881e-03 -2.064184285700321198e-03 1.012881875794846565e-05 -2.064184285700321198e-03 2.826521871611475945e-03 -1.015826728689717129e-05 1.012881875794846565e-05 -1.015826728689717129e-05 4.208145197480916977e-03
-8.386030793190002441e-01 7.812095806002616882e-03 1.563689089380204678e-03 -3.467328206170350313e-04 8.002465367317199707e-01 6.950650829821825027e-03 -1.258518430404365063e-03 -8.165887556970119476e-04 -8.062805980443954468e-03 2.978584961965680122e-03 6.113790441304445267e-03 1.220442005433142185e-03 8.687022142112255096e-03 -2.046116860583424568e-03 1.952425736817531288e-05 -2.046116860583424568e-03 2.805704250931739807e-03 -4.625742803909815848e-06 1.952425736817531288e-05 -4.625742803909815848e-06 4.131573718041181564e-03
-8.283941149711608887e-01 7.691778242588043213e-03 1.481953077018260956e-03 -1.908691017888486385e-03 7.687129974365234375e-01 7.303575519472360611e-03 2.468629507347941399e-03 -2.433159155771136284e-03 -6.493690889328718185e-03 2.569570206105709076e-03 -1.328188343904912472e-03 4.289604257792234421e-03 8.531715720891952515e-03 -2.028197282925248146e-03 2.456952643115073442e-05 -2.028197282925248146e-03 2.787275938317179680e-03 -1.046468423737678677e-05 2.456952643115073442e-05 -1.046468423737678677e-05 4.063593689352273941e-03
-8.179023265838623047e-01 7.576319854706525803e-03 1.381781068630516529e-03 -2.524398267269134521e-03 7.401812672615051270e-01 5.393888801336288452e-03 4.181763622909784317e-03 -5.884082522243261337e-03 -3.972693346440792084e-03 -1.668471726588904858e-03 -3.544004401192069054e-03 7.117702160030603409e-03 8.405202999711036682e-03 -2.010823227465152740e-03 2.707205021579284221e-05 -2.010823227465152740e-03 2.765123033896088600e-03 -1.037232595990644768e-05 2.707205021579284221e-05 -1.037232595990644768e-05 3.982719033956527710e-03
-8.071312904357910156e-01 7.458098698407411575e-03 1.294693560339510441e-03 -4.635695368051528931e-03 7.086070179939270020e-01 5.217564757913351059e-03 5.322040989995002747e-03 -6.098960060626268387e-03 -4.577123094350099564e-03 -6.485171616077423096e-03 2.661832608282566071e-03 1.054638996720314026e-02 8.274104446172714233e-03 -1.983401831239461899e-03 2.239150671812240034e-05 -1.983401831239461899e-03 2.738910494372248650e-03 -9.784981557459104806e-06 2.239150671812240034e-05 -9.784981557459104806e-06 3.903901204466819763e-03
-7.960848212242126465e-01 7.336288224905729294e-03 1.228846260346472263e-03 -6.306480616331100464e-03 6.773337721824645996e-01 9.960046969354152679e-03 6.589955184608697891e-03 -7.546740118414163589e-03 -5.972625222057104111e-03 -7.994177751243114471e-03 8.700127713382244110e-03 1.479381322860717773e-02 8.129433728754520416e-03 -1.957823522388935089e-03 1.768176480254624039e-05 -1.957823522388935089e-03 2.703586826100945473e-03 -1.329010228801053017e-05 1.768176480254624039e-05 -1.329010228801053017e-05 3.839180804789066315e-03
-7.847665548324584961e-01 7.215837482362985611e-03 1.155135571025311947e-03 -6.060112267732620239e-03 6.467743515968322754e-01 1.609026268124580383e-02 9.295036084949970245e-03 -6.291760597378015518e-03 -3.652840619906783104e-03 -6.082037463784217834e-03 5.189834162592887878e-03 1.265441998839378357e-02 7.986091077327728271e-03 -1.924047362990677357e-03 2.610517367429565638e-05 -1.924047362990677357e-03 2.666687592864036560e-03 -1.562554461997933686e-05 2.610517367429565638e-05 -1.562554461997933686e-05 3.778752172365784645e-03
-7.731803655624389648e-01 7.099375128746032715e-03 1.078152912668883801e-03 -5.390528589487075806e-03 6.172265410423278809e-01 1.660225912928581238e-02 1.094780024141073227e-02 -5.917002563364803791e-04 -3.457664744928479195e-03 -7.167702075093984604e-03 5.809969734400510788e-03 6.613498553633689880e-03 7.848431356251239777e-03 -1.896224333904683590e-03 3.580355769372545183e-05 -1.896224333904683590e-03 2.633441705256700516e-03 -9.870132998912595212e-06 3.580355769372545183e-05 -9.870132998912595212e-06 3.716662758961319923e-03
-7.613302469253540039e-01 6.988195236772298813e-03 1.015075831674039364e-03 -2.052520401775836945e-03 5.861040949821472168e-01 1.427204161882400513e-02 8.284809999167919159e-03 -2.220458583906292915e-03 -6.443353835493326187e-03 -9.045911021530628204e-03 1.494387746788561344e-03 4.534034989774227142e-03 7.724763359874486923e-03 -1.865740865468978882e-03 3.556703086360357702e-05 -1.865740865468978882e-03 2.594941295683383942e-03 -3.753281134777353145e-06 3.556703086360357702e-05 -3.753281134777353145e-06 3.657513763755559921e-03
-7.492202520370483398e-01 6.871712859719991684e-03 9.699263027869164944e-04 -5.894184578210115433e-04 5.627513527870178223e-01 1.726919598877429962e-02 5.921417381614446640e-03 -2.740332856774330139e-03 -7.848379202187061310e-03 -9.206029586493968964e-03 4.766326397657394409e-03 2.781857037916779518e-03 7.597168907523155212e-03 -1.828136155381798744e-03 1.830771543609444052e-05 -1.828136155381798744e-03 2.556216437369585037e-03 -5.814455903419002425e-07 1.830771543609444052e-05 -5.814455903419002425e-07 3.589887637645006180e-03
-7.368545532226562500e-01 6.757381837815046310e-03 9.121489711105823517e-04 -2.038028324022889137e-03 5.408467650413513184e-01 2.130969800055027008e-02 6.616769358515739441e-03 -3.383104922249913216e-04 -6.483325269073247910e-03 -4.356582183390855789e-03 1.442367117851972580e-02 1.945142634212970734e-03 7.478762883692979813e-03 -1.789721194654703140e-03 -1.363489104733162094e-06 -1.789721194654703140e-03 2.524333307519555092e-03 9.129139471042435616e-06 -1.363489104733162094e-06 9.129139471042435616e-06 3.512200200930237770e-03
-7.242372632026672363e-01 6.642812397330999374e-03 8.667166694067418575e-04 -3.524369793012738228e-03 5.218672752380371094e-01 2.100898139178752899e-02 7.172601763159036636e-03 9.919164003804326057e-04 -6.506292149424552917e-03 -2.292840508744120598e-03 8.027250878512859344e-03 2.446690807119011879e-03 7.354476954787969589e-03 -1.757499296218156815e-03 -1.893633816507644951e-05 -1.757499296218156815e-03 2.489870414137840271e-03 1.517232885817065835e-05 -1.893633816507644951e-05 1.517232885817065835e-05 3.441889770328998566e-03
-7.113727331161499023e-01 6.526738870888948441e-03 8.208509534597396851e-04 -3.278547199442982674e-03 4.981689155101776123e-01 1.687270216643810272e-02 6.382863968610763550e-03 -9.102577459998428822e-04 -9.347848594188690186e-03 -1.370298559777438641e-03 3.656974062323570251e-03 4.198299720883369446e-03 7.224848493933677673e-03 -1.732115983031690121e-03 -2.804617179208435118e-05 -1.732115983031690121e-03 2.451358363032341003e-03 1.810069261409807950e-05 -2.804617179208435118e-05 1.810069261409807950e-05 3.376613603904843330e-03
-6.982653737068176270e-01 6.414117291569709778e-03 7.736385450698435307e-04 -7.753536105155944824e-03 4.804152250289916992e-01 8.666086010634899139e-03 4.117187578231096268e-03 4.477016627788543701e-04 -1.122238952666521072e-02 -3.201743820682168007e-03 8.356100879609584808e-03 7.541527505964040756e-03 7.101759780198335648e-03 -1.710800570435822010e-03 -2.419490010652225465e-05 -1.710800570435822010e-03 2.413121284916996956e-03 1.951856938831042498e-05 -2.419490010652225465e-05 1.951856938831042498e-05 3.313212888315320015e-03
-6.849197149276733398e-01 6.302854046225547791e-03 7.416500593535602093e-04 -7.087299134582281113e-03 4.686881601810455322e-01 6.128808483481407166e-03 3.171142190694808960e-03 -3.652533050626516342e-04 -1.091976743191480637e-02 -5.972335580736398697e-03 1.061427127569913864e-02 7.424399256706237793e-03 6.965111009776592255e-03 -1.687808078713715076e-03 -3.046486381208524108e-05 -1.687808078713715076e-03 2.379168290644884109e-03 1.928743222379125655e-05 -3.046486381208524108e-05 1.928743222379125655e-05 3.260503290221095085e-03
-6.713401675224304199e-01 6.193807814270257950e-03 6.990570691414177418e-04 -3.681738628074526787e-03 4.641771316528320312e-01 8.760905824601650238e-03 -1.516696647740900517e-04 -3.644099226221442223e-03 -1.078616082668304443e-02 -6.987096741795539856e-03 1.219416502863168716e-02 6.681161001324653625e-03 6.829182151705026627e-03 -1.649837940931320190e-03 -4.894388621323741972e-05 -1.649837940931320190e-03 2.341559622436761856e-03 1.632004023122135550e-05 -4.894388621323741972e-05 1.632004023122135550e-05 3.217906458303332329e-03
-6.575314998626708984e-01 6.072528660297393799e-03 6.683446117676794529e-04 -2.973632887005805969e-03 4.491932690143585205e-01 6.293511483818292618e-03 -2.029747003689408302e-03 1.228259759955108166e-03 -7.598357740789651871e-03 -3.083946416154503822e-03 7.545786444097757339e-03 2.241016132757067680e-03 6.686961743980646133e-03 -1.611002255231142044e-03 -5.901635813643224537e-05 -1.611002255231142044e-03 2.301533240824937820e-03 1.721800981613341719e-05 -5.901635813643224537e-05 1.721800981613341719e-05 3.157348837703466415e-03
-6.434983611106872559e-01 5.942595656961202621e-03 6.363210850395262241e-04 -3.032847307622432709e-03 4.293483793735504150e-01 1.932020648382604122e-03 -9.290153975598514080e-04 1.625547767616808414e-03 -3.361654467880725861e-03 1.630389015190303326e-03 4.432573448866605759e-03 1.501363702118396759e-03 6.535897031426429749e-03 -1.572354813106358051e-03 -6.738121010130271316e-05 -1.572354813106358051e-03 2.260147128254175186e-03 1.979771332116797566e-05 -6.738121010130271316e-05 1.979771332116797566e-05 3.088890109211206436e-03
-6.292455196380615234e-01 5.810593720525503159e-03 6.040093139745295048e-04 -2.942493883892893791e-03 4.151164293289184570e-01 5.462893750518560410e-03 1.027367659844458103e-03 3.234511939808726311e-03 -2.944290405139327049e-03 9.970987448468804359e-04 -6.149273365736007690e-03 -4.991485620848834515e-04 6.376784294843673706e-03 -1.535777235403656960e-03 -7.290113717317581177e-05 -1.535777235403656960e-03 2.218115376308560371e-03 1.568069092172663659e-05 -7.290113717317581177e-05 1.568069092172663659e-05 3.026051912456750870e-03
-6.147779226303100586e-01 5.677269306033849716e-03 5.795921315439045429e-04 -5.313926885719411075e-05 4.060760438442230225e-01 8.884630165994167328e-03 1.270615612156689167e-03 3.056708956137299538e-03 -5.649229045957326889e-03 6.567092495970427990e-04 -7.973122410476207733e-03 -2.491013379767537117e-03 6.213715765625238419e-03 -1.498125027865171432e-03 -7.179498061304911971e-05 -1.498125027865171432e-03 2.178664552047848701e-03 1.584641540830489248e-05 -7.179498061304911971e-05 1.584641540830489248e-05 2.962994622066617012e-03
-6.001004576683044434e-01 5.542484577745199203e-03 5.507481400854885578e-04 1.880364143289625645e-03 3.900327682495117188e-01 1.044079940766096115e-02 2.941922517493367195e-03 7.728657219558954239e-04 -8.009699173271656036e-03 2.141631412087008357e-04 -2.909572795033454895e-03 -3.126767696812748909e-03 6.050358992069959641e-03 -1.459580264054238796e-03 -7.331015513045713305e-05 -1.459580264054238796e-03 2.142342040315270424e-03 1.893780972750391811e-05 -7.331015513045713305e-05 1.893780972750391811e-05 2.891233423724770546e-03
-5.852181315422058105e-01 5.415212363004684448e-03 5.252120899967849255e-04 3.198983380571007729e-03 3.764871060848236084e-01 1.209777593612670898e-02 4.278867039829492569e-03 -1.697158440947532654e-03 -4.882676061242818832e-03 -4.272838123142719269e-04 -2.896070480346679688e-03 -2.196068409830331802e-03 5.895613227039575577e-03 -1.426254864782094955e-03 -7.057225593598559499e-05 -1.426254864782094955e-03 2.106517087668180466e-03 1.607372178114019334e-05 -7.057225593598559499e-05 1.607372178114019334e-05 2.828832250088453293e-03
-5.701360106468200684e-01 5.283943843096494675e-03 4.968680441379547119e-04 2.644767286255955696e-03 3.646162748336791992e-01 1.085452828556299210e-02 5.052252672612667084e-03 -1.205332693643867970e-03 -5.576682742685079575e-03 -3.517718985676765442e-03 -6.521455943584442139e-04 -1.256871968507766724e-03 5.745257250964641571e-03 -1.387756201438605785e-03 -6.564903014805167913e-05 -1.387756201438605785e-03 2.068546600639820099e-03 1.222231003339402378e-05 -6.564903014805167913e-05 1.222231003339402378e-05 2.753707580268383026e-03
-5.548592805862426758e-01 5.154363345354795456e-03 4.717605188488960266e-04 6.683892570436000824e-04 3.486074507236480713e-01 5.233709234744310379e-03 5.020326469093561172e-03 4.014769569039344788e-03 -6.508663296699523926e-03 -3.120545297861099243e-03 -2.806959673762321472e-03 -4.203776828944683075e-03 5.611271131783723831e-03 -1.350611448287963867e-03 -5.657847214024513960e-05 -1.350611448287963867e-03 2.024345332756638527e-03 1.030114799505099654e-05 -5.657847214024513960e-05 1.030114799505099654e-05 2.674095332622528076e-03
-5.393931269645690918e-01 5.018227268010377884e-03 4.509444406721740961e-04 -6.120849866420030594e-04 3.460298478603363037e-01 4.801241680979728699e-03 2.640067366883158684e-03 5.660702008754014969e-03 -5.588823463767766953e-03 -5.554729723371565342e-04 -7.049071136862039566e-03 -4.798695910722017288e-03 5.462310742586851120e-03 -1.317922724410891533e-03 -4.380009704618714750e-05 -1.317922724410891533e-03 1.976236933842301369e-03 4.453915153135312721e-06 -4.380009704618714750e-05 4.453915153135312721e-06 2.598571125417947769e-03
-5.237429141998291016e-01 4.878363572061061859e-03 4.318037244956940413e-04 2.188064827350899577e-04 3.399737775325775146e-01 6.474621593952178955e-03 1.631251885555684566e-03 4.220902454107999802e-03 -7.554683834314346313e-03 -4.072040028404444456e-04 3.109791083261370659e-03 -4.221976269036531448e-03 5.308580119162797928e-03 -1.282672630622982979e-03 -3.182064756401814520e-05 -1.282672630622982979e-03 1.925044227391481400e-03 -2.428559355394099839e-06 -3.182064756401814520e-05 -2.428559355394099839e-06 2.521908376365900040e-03
-5.079138278961181641e-01 4.747864324599504471e-03 4.040080821141600609e-04 4.035343590658158064e-04 3.246647119522094727e-01 3.341309726238250732e-03 2.543011913076043129e-03 3.306234255433082581e-03 -5.604956299066543579e-03 -2.864781163225416094e-05 9.415887296199798584e-03 -4.125900566577911377e-03 5.173240788280963898e-03 -1.243068603798747063e-03 -3.094845305895432830e-05 -1.243068603798747063e-03 1.877944450825452805e-03 -4.050108600495150313e-06 -3.094845305895432830e-05 -4.050108600495150313e-06 2.445018617436289787e-03
-4.919114112854003906e-01 4.615750629454851151e-03 3.884251054842025042e-04 -6.121088517829775810e-04 3.126861751079559326e-01 2.056629396975040436e-03 3.685625270009040833e-03 3.222208237275481224e-03 -9.236232726834714413e-04 -1.373050617985427380e-03 5.070331972092390060e-03 -2.713349414989352226e-03 5.041837226599454880e-03 -1.202584127895534039e-03 -3.441737135290168226e-05 -1.202584127895534039e-03 1.829083659686148167e-03 -3.135144879706786014e-06 -3.441737135290168226e-05 -3.135144879706786014e-06 2.360455458983778954e-03
-4.757410585880279541e-01 4.484189208596944809e-03 3.689694858621805906e-04 -1.972019672393798828e-04 2.974424064159393311e-01 -6.035983096808195114e-05 3.914992325007915497e-03 3.558651776984333992e-03 -1.007797662168741226e-03 7.948667189339175820e-05 6.221998482942581177e-03 -3.257038071751594543e-03 4.911674186587333679e-03 -1.164408982731401920e-03 -3.339386967127211392e-05 -1.164408982731401920e-03 1.786232576705515385e-03 -2.014255414906074293e-06 -3.339386967127211392e-05 -2.014255414906074293e-06 2.270977245643734932e-03
-4.594083130359649658e-01 4.349627066403627396e-03 3.480372251942753792e-04 1.463950611650943756e-03 2.847808599472045898e-01 -1.979256980121135712e-03 2.740767085924744606e-03 2.188420854508876801e-03 -1.237764488905668259e-03 2.780259586870670319e-03 4.621212836354970932e-03 -3.547091735526919365e-03 4.770044703036546707e-03 -1.126163173466920853e-03 -2.919016333180479705e-05 -1.126163173466920853e-03 1.746079651638865471e-03 -4.455554517335258424e-06 -2.919016333180479705e-05 -4.455554517335258424e-06 2.183257136493921280e-03
-4.429187178611755371e-01 4.212996922433376312e-03 3.322020347695797682e-04 1.483820844441652298e-03 2.791448533535003662e-01 -2.410102868452668190e-03 3.119122236967086792e-03 -6.359546096064150333e-04 -8.647460490465164185e-04 3.732516197487711906e-03 3.012039465829730034e-03 -1.062907162122428417e-03 4.611734300851821899e-03 -1.083254232071340084e-03 -2.155062429665122181e-05 -1.083254232071340084e-03 1.703521469607949257e-03 -1.033117041515652090e-05 -2.155062429665122181e-05 -1.033117041515652090e-05 2.109544584527611732e-03
-4.262779355049133301e-01 4.083401989191770554e-03 3.162685025017708540e-04 2.066826418740674853e-04 2.660902738571166992e-01 -3.635612083598971367e-03 4.170887637883424759e-03 -1.055217697285115719e-03 -1.926478929817676544e-03 4.348109941929578781e-03 5.180717911571264267e-03 8.282663184218108654e-04 4.468343686312437057e-03 -1.042123418301343918e-03 -2.362280611123424023e-05 -1.042123418301343918e-03 1.657510292716324329e-03 -1.314160363108385354e-05 -2.362280611123424023e-05 -1.314160363108385354e-05 2.040360821411013603e-03
-4.094916582107543945e-01 3.959205467253923416e-03 3.011313674505800009e-04 -5.426921416074037552e-04 2.572742402553558350e-01 -2.339483471587300301e-03 3.346222685649991035e-03 -1.404935144819319248e-03 -1.561162644065916538e-03 4.161403048783540726e-03 5.038721952587366104e-03 2.192460233345627785e-03 4.328482784330844879e-03 -1.008024322800338268e-03 -1.188484930025879294e-05 -1.008024322800338268e-03 1.614919630810618401e-03 -1.396986681356793270e-05 -1.188484930025879294e-05 -1.396986681356793270e-05 1.975281862542033195e-03
-3.925655782222747803e-01 3.832473419606685638e-03 2.873286430258303881e-04 -1.793496194295585155e-03 2.553561627864837646e-01 9.482333553023636341e-04 1.122613088227808475e-03 -1.621637493371963501e-03 -1.754402532242238522e-03 2.890093019232153893e-03 9.673961438238620758e-03 3.502364037558436394e-03 4.182421602308750153e-03 -9.686102275736629963e-04 -5.000093551643658429e-06 -9.686102275736629963e-04 1.577358809299767017e-03 -1.145940404967404902e-05 -5.000093551643658429e-06 -1.145940404967404902e-05 1.905820099636912346e-03
-3.755054771900177002e-01 3.701111068949103355e-03 2.727070532273501158e-04 -7.334386464208364487e-04 2.476325482130050659e-01 2.065456705167889595e-03 7.674692315049469471e-04 -1.795400399714708328e-03 -3.550713881850242615e-03 6.186956888996064663e-04 1.164608541876077652e-02 2.529266290366649628e-03 4.034012090414762497e-03 -9.265340631827712059e-04 -4.221150447847321630e-06 -9.265340631827712059e-04 1.533293747343122959e-03 -7.082411229930585250e-06 -4.221150447847321630e-06 -7.082411229930585250e-06 1.834019669331610203e-03
-3.583172261714935303e-01 3.577242372557520866e-03 2.582314482424408197e-04 2.448640298098325729e-04 2.373701483011245728e-01 2.975106937810778618e-03 2.028186107054352760e-03 -1.612639636732637882e-03 -2.239564200863242149e-03 -9.227877599187195301e-04 2.528497250750660896e-03 1.324770622886717319e-03 3.906779922544956207e-03 -8.855033665895462036e-04 7.199606955055060098e-08 -8.855033665895462036e-04 1.484929001890122890e-03 -6.736885097780032083e-06 7.199606955055060098e-08 -6.736885097780032083e-06 1.762481173500418663e-03
-3.410066366195678711e-01 3.455385798588395119e-03 2.441231190459802747e-04 -9.942761389538645744e-04 2.291705608367919922e-01 3.715340746566653252e-03 2.173025393858551979e-03 -1.387761003570631146e-04 3.738653613254427910e-04 -1.454137265682220459e-03 -5.998351261951029301e-04 1.201985287480056286e-03 3.779067192226648331e-03 -8.439866360276937485e-04 -1.702167992334580049e-06 -8.439866360276937485e-04 1.440434716641902924e-03 -2.978620841531665064e-06 -1.702167992334580049e-06 -2.978620841531665064e-06 1.691861427389085293e-03
-3.235796391963958740e-01 3.328517079353332520e-03 2.333834563614800572e-04 -1.865689642727375031e-03 2.205597907304763794e-01 4.344222601503133774e-03 1.867152866907417774e-03 9.333241614513099194e-04 3.397659456823021173e-04 6.136039155535399914e-05 -9.085630881600081921e-04 1.030794228427112103e-03 3.634969936683773994e-03 -7.982425740920007229e-04 4.449230345926480368e-06 -7.982425740920007229e-04 1.398996100760996342e-03 1.595969820300524589e-06 4.449230345926480368e-06 1.595969820300524589e-06 1.622874638997018337e-03
-3.060421943664550781e-01 3.202245803549885750e-03 2.229117526439949870e-04 -1.342049799859523773e-03 2.148452550172805786e-01 7.686135824769735336e-03 4.542659735307097435e-04 -7.363369222730398178e-04 2.248683449579402804e-04 -5.017740186303853989e-04 -1.631912426091730595e-03 2.102501224726438522e-03 3.487802110612392426e-03 -7.508790004067122936e-04 6.938492788322037086e-06 -7.508790004067122936e-04 1.359008718281984329e-03 2.174106157326605171e-06 6.938492788322037086e-06 2.174106157326605171e-06 1.558450399897992611e-03
-2.884002625942230225e-01 3.071574261412024498e-03 2.120226417900994420e-04 -1.777778379619121552e-03 2.056876569986343384e-01 7.136872038245201111e-03 -9.841300779953598976e-04 7.282192236743867397e-04 9.907064959406852722e-04 1.266823965124785900e-04 7.800036109983921051e-05 1.021549222059547901e-03 3.328004851937294006e-03 -7.066248799674212933e-04 6.953201591386459768e-06 -7.066248799674212933e-04 1.320651732385158539e-03 3.712324314619763754e-06 6.953201591386459768e-06 3.712324314619763754e-06 1.493842108175158501e-03
-2.706598937511444092e-01 2.949074143543839455e-03 2.014132187468931079e-04 -7.033544243313372135e-04 1.942675113677978516e-01 5.978441331535577774e-03 -2.592590404674410820e-03 1.532346359454095364e-03 9.769089519977569580e-04 -4.014917649328708649e-04 3.358870046213269234e-03 -7.160420645959675312e-04 3.174105426296591759e-03 -6.627368275076150894e-04 6.421980287996120751e-06 -6.627368275076150894e-04 1.287298044189810753e-03 4.847157470067031682e-06 6.421980287996120751e-06 4.847157470067031682e-06 1.435705926269292831e-03
-2.528271079063415527e-01 2.836222760379314423e-03 1.894601155072450638e-04 9.467955678701400757e-04 1.792256385087966919e-01 5.746390670537948608e-03 -1.804331899620592594e-03 8.470715838484466076e-04 -7.957643829286098480e-04 -3.010054060723632574e-04 5.489493254572153091e-03 -1.863591372966766357e-03 3.029416548088192940e-03 -6.179901538416743279e-04 7.422429007419850677e-06 -6.179901538416743279e-04 1.258973381482064724e-03 5.414092811406590044e-06 7.422429007419850677e-06 5.414092811406590044e-06 1.383572700433433056e-03
-2.349080443382263184e-01 2.727794693782925606e-03 1.807356748031452298e-04 -2.798105124384164810e-04 1.685062199831008911e-01 6.349619477987289429e-03 -4.297996638342738152e-04 2.055644290521740913e-03 -2.194700791733339429e-04 3.924704215023666620e-04 3.614395856857299805e-03 -1.848597661592066288e-03 2.888836199417710304e-03 -5.776845500804483891e-04 1.290603904635645449e-05 -5.776845500804483891e-04 1.231886679306626320e-03 6.008138825563946739e-06 1.290603904635645449e-05 6.008138825563946739e-06 1.334652421064674854e-03
-2.169087827205657959e-01 2.624201821163296700e-03 1.739600411383435130e-04 -1.946540432982146740e-03 1.613491624593734741e-01 5.484780296683311462e-03 1.060963259078562260e-03 2.869222080335021019e-03 2.009053016081452370e-03 1.056455439538694918e-04 2.982328878715634346e-03 -7.216160302050411701e-04 2.750490326434373856e-03 -5.377011839300394058e-04 1.250651985174044967e-05 -5.377011839300394058e-04 1.208010362461209297e-03 5.283558039081981406e-06 1.250651985174044967e-05 5.283558039081981406e-06 1.289352541789412498e-03
-1.988354772329330444e-01 2.528793876990675926e-03 1.675751263974234462e-04 -1.036153174936771393e-03 1.500940173864364624e-01 4.775285255163908005e-03 1.109616830945014954e-03 1.272998168133199215e-03 2.903882414102554321e-03 5.571202491410076618e-04 4.495244473218917847e-03 -2.166407648473978043e-04 2.626332687214016914e-03 -4.960708902217447758e-04 7.580650162708479911e-06 -4.960708902217447758e-04 1.182720297947525978e-03 4.055719273310387507e-06 7.580650162708479911e-06 4.055719273310387507e-06 1.247684936970472336e-03
-1.806942969560623169e-01 2.443026052787899971e-03 1.599357201484963298e-04 -2.398006618022918701e-04 1.381084322929382324e-01 3.759375074878334999e-03 2.245206851512193680e-04 5.914005450904369354e-04 2.841177396476268768e-03 2.657310978975147009e-04 4.572108387947082520e-03 -5.168791394680738449e-04 2.516157925128936768e-03 -4.571641620714217424e-04 2.588889628896140493e-06 -4.571641620714217424e-04 1.159524777904152870e-03 3.813144303421722725e-06 2.588889628896140493e-06 3.813144303421722725e-06 1.209624228067696095e-03
-1.624914258718490601e-01 2.364965854212641716e-03 1.523423561593517661e-04 -4.171439504716545343e-04 1.253530532121658325e-01 1.562338671647012234e-03 -9.151499252766370773e-04 1.146480790339410305e-03 2.152105560526251793e-03 -1.467738649807870388e-03 4.350873176008462906e-03 -8.487022132612764835e-04 2.417087554931640625e-03 -4.157309012953191996e-04 2.000004087676643394e-06 -4.157309012953191996e-04 1.139814266934990883e-03 3.648098982012015767e-06 2.000004087676643394e-06 3.648098982012015767e-06 1.172919408418238163e-03
-1.442330926656723022e-01 2.289957366883754730e-03 1.466758403694257140e-04 -9.539071470499038696e-04 1.160984635353088379e-01 -6.619442137889564037e-04 -1.212977804243564606e-03 1.333543914370238781e-03 1.316058100201189518e-03 -2.519704401493072510e-03 4.957693628966808319e-03 -5.182677996344864368e-04 2.319050719961524010e-03 -3.703338152263313532e-04 -4.154284397372975945e-06 -3.703338152263313532e-04 1.122231013141572475e-03 4.776426521857501939e-06 -4.154284397372975945e-06 4.776426521857501939e-06 1.138262450695037842e-03
-1.259255260229110718e-01 2.217452274635434151e-03 1.440465275663882494e-04 -6.827889010310173035e-04 1.108216643333435059e-01 -1.474978402256965637e-03 -1.228658366017043591e-03 -2.541616231610532850e-05 1.806042739190161228e-03 -1.829605549573898315e-03 4.026258364319801331e-03 6.475497502833604813e-04 2.218215726315975189e-03 -3.220940416213124990e-04 -1.476602210459532216e-05 -3.220940416213124990e-04 1.106005860492587090e-03 3.030292418770841323e-06 -1.476602210459532216e-05 3.030292418770841323e-06 1.110845827497541904e-03
-1.075749695301055908e-01 2.148034982383251190e-03 1.392507547279819846e-04 2.166353369830176234e-04 9.299782663583755493e-02 -5.252014379948377609e-04 -1.915613975143060088e-04 -1.945510040968656540e-03 2.973726019263267517e-03 -1.554588816361501813e-04 3.677964210510253906e-03 1.658582943491637707e-03 2.122421050444245338e-03 -2.723979705478996038e-04 -1.910967330331914127e-05 -2.723979705478996038e-04 1.091547892428934574e-03 4.890719083050498739e-07 -1.910967330331914127e-05 4.890719083050498739e-07 1.081318128854036331e-03
-8.918769657611846924e-02 2.088825451210141182e-03 1.362325710942968726e-04 -1.506527914898470044e-04 7.928211241960525513e-02 -7.256402750499546528e-04 9.009817731566727161e-04 -2.057787030935287476e-03 2.921442268416285515e-03 -1.459352370147826150e-05 5.138147622346878052e-03 2.231277758255600929e-03 2.040248597040772438e-03 -2.274085418321192265e-04 -2.014557867369148880e-05 -2.274085418321192265e-04 1.079630106687545776e-03 1.593514411979413126e-06 -2.014557867369148880e-05 1.593514411979413126e-06 1.057007000781595707e-03
-7.076997309923171997e-02 2.040795749053359032e-03 1.334763219347223639e-04 -3.558861499186605215e-04 6.418338418006896973e-02 -2.574805403128266335e-04 5.384791293181478977e-04 -1.330586965195834637e-03 3.378741443157196045e-03 -1.804467290639877319e-03 6.360357161611318588e-03 1.694131060503423214e-03 1.974601997062563896e-03 -1.807468797778710723e-04 -2.073002906399779022e-05 -1.807468797778710723e-04 1.071023987606167793e-03 2.357806351938052103e-06 -2.073002906399779022e-05 2.357806351938052103e-06 1.035229652188718319e-03
-5.232808738946914673e-02 2.002084860578179359e-03 1.309243816649541259e-04 -4.481547512114048004e-04 4.684038087725639343e-02 -6.779393297620117664e-04 -2.407210267847403884e-04 -3.162779321428388357e-04 3.618401475250720978e-03 -1.987236319109797478e-03 2.393907634541392326e-03 8.786332909949123859e-04 1.916668610647320747e-03 -1.322052994510158896e-04 -2.060276347037870437e-05 -1.322052994510158896e-04 1.066608820110559464e-03 3.113995035164407454e-06 -2.060276347037870437e-05 3.113995035164407454e-06 1.020427676849067211e-03
-3.386834263801574707e-02 1.972736092284321785e-03 1.295674010179936886e-04 -8.734041475690901279e-04 3.035376965999603271e-02 -1.065725577063858509e-03 -1.037445035763084888e-03 -7.810175302438437939e-04 3.353531705215573311e-03 -1.750073744915425777e-03 2.875046047847718000e-04 1.721627661027014256e-03 1.868776744231581688e-03 -8.438809891231358051e-05 -1.877035901998169720e-05 -8.438809891231358051e-05 1.065254677087068558e-03 4.316848389862570912e-06 -1.877035901998169720e-05 4.316848389862570912e-06 1.010245759971439838e-03
-1.539703737944364548e-02 1.956009073182940483e-03 1.286364276893436909e-04 -4.592423501890152693e-04 1.345378905534744263e-02 2.592751698102802038e-04 -1.472064293920993805e-03 -1.303520053625106812e-03 2.943713217973709106e-03 -1.669035642407834530e-03 -7.273213850567117333e-05 1.699188724160194397e-03 1.836546696722507477e-03 -3.642300362116657197e-05 -1.688214069872628897e-05 -3.642300362116657197e-05 1.065329532139003277e-03 2.647123210408608429e-06 -1.688214069872628897e-05 2.647123210408608429e-06 1.009410363622009754e-03
3.079524263739585876e-03 1.948592835105955601e-03 1.289113279199227691e-04 3.625889366958290339e-04 -6.275083404034376144e-03 3.125567163806408644e-04 -1.868112129159271717e-03 -3.324169956613332033e-04 1.194047392345964909e-03 -1.764079555869102478e-03 4.279815129848429933e-06 -6.350065814331173897e-05 1.820344012230634689e-03 1.359246653009904549e-05 -1.722774504742119461e-05 1.359246653009904549e-05 1.065383781678974628e-03 1.087870941773871891e-06 -1.722774504742119461e-05 1.087870941773871891e-06 1.010452513583004475e-03
2.155503444373607635e-02 1.951216137968003750e-03 1.293731475016102195e-04 3.995179140474647284e-04 -2.289687655866146088e-02 1.410990022122859955e-03 -1.997057581320405006e-03 5.096266977488994598e-04 6.169350235722959042e-04 -9.092718246392905712e-04 -2.316112397238612175e-03 -9.217622573487460613e-04 1.822277205064892769e-03 6.287897122092545033e-05 -1.636041997699066997e-05 6.287897122092545033e-05 1.066015567630529404e-03 -7.776905022183200344e-07 -1.636041997699066997e-05 -7.776905022183200344e-07 1.013893866911530495e-03
4.002318903803825378e-02 1.962552545592188835e-03 1.310434454353526235e-04 3.301333636045455933e-04 -4.432440921664237976e-02 4.479682538658380508e-03 -6.991729605942964554e-04 1.623654388822615147e-03 8.528106845915317535e-04 1.094048377126455307e-03 -6.888905540108680725e-03 -1.932114711962640285e-03 1.835779868997633457e-03 1.093282044166699052e-04 -1.582671575306449085e-05 1.093282044166699052e-04 1.066037802956998348e-03 -2.986789695569314063e-06 -1.582671575306449085e-05 -2.986789695569314063e-06 1.022382173687219620e-03
5.847767740488052368e-02 1.985782757401466370e-03 1.327007048530504107e-04 -5.111508653499186039e-05 -5.393455550074577332e-02 4.402646329253911972e-03 -9.980173781514167786e-04 7.465407834388315678e-04 1.647352590225636959e-03 1.074910978786647320e-03 -8.952179923653602600e-03 -6.701435777358710766e-04 1.864214777015149593e-03 1.544314291095361114e-04 -1.539205004519317299e-05 1.544314291095361114e-04 1.071101985871791840e-03 -5.379972662922227755e-06 -1.539205004519317299e-05 -5.379972662922227755e-06 1.035388675518333912e-03
7.691220939159393311e-02 2.021297579631209373e-03 1.369005331071093678e-04 -2.299346524523571134e-04 -7.079422473907470703e-02 3.267836757004261017e-03 -1.783074461854994297e-03 -9.113984997384250164e-04 3.590483218431472778e-03 -5.141586880199611187e-04 -1.110231503844261169e-02 1.052244799211621284e-03 1.905362121760845184e-03 2.028116869041696191e-04 -1.457704274798743427e-05 2.028116869041696191e-04 1.080732094123959541e-03 -6.277072770899394527e-06 -1.457704274798743427e-05 -6.277072770899394527e-06 1.055393833667039871e-03
9.532047808170318604e-02 2.072004601359367371e-03 1.395196886733174324e-04 -4.641109626390971243e-05 -8.092505484819412231e-02 3.619934199377894402e-03 -9.288117871619760990e-04 -1.582602126291021705e-04 4.433321766555309296e-03 -8.119718986563384533e-04 -1.060617435723543167e-02 2.736314490903168917e-04 1.959980698302388191e-03 2.548811899032443762e-04 -1.416322356817545369e-05 2.548811899032443762e-04 1.096530235372483730e-03 -8.626923772681038827e-06 -1.416322356817545369e-05 -8.626923772681038827e-06 1.086691045202314854e-03
1.136962100863456726e-01 2.135381801053881645e-03 1.430110569344833493e-04 2.717673778533935547e-04 -9.388462454080581665e-02 3.895002184435725212e-03 7.154336199164390564e-04 -8.230953244492411613e-05 4.429416265338659286e-03 -2.308499970240518451e-04 -1.095737237483263016e-02 -1.439136540284380317e-04 2.030816162005066872e-03 3.045618941541761160e-04 -1.318647809966932982e-05 3.045618941541761160e-04 1.115521998144686222e-03 -9.472952115174848586e-06 -1.318647809966932982e-05 -9.472952115174848586e-06 1.123989582993090153e-03
1.320331394672393799e-01 2.205550437793135643e-03 1.477067999076098204e-04 1.009573112241923809e-03 -1.068410575389862061e-01 3.440303727984428406e-03 1.576852868311107159e-03 -1.597770606167614460e-03 3.110554767772555351e-03 8.458066149614751339e-04 -1.015393156558275223e-02 6.176679744385182858e-04 2.107895212247967720e-03 3.519216843415051699e-04 -1.186215013149194419e-05 3.519216843415051699e-04 1.137039973400533199e-03 -1.097706353903049603e-05 -1.186215013149194419e-05 -1.097706353903049603e-05 1.165796886198222637e-03
1.503249853849411011e-01 2.282310044392943382e-03 1.521343365311622620e-04 1.075991429388523102e-03 -1.190824136137962341e-01 3.235051175579428673e-03 1.008716993965208530e-03 -2.766942372545599937e-03 1.398347667418420315e-03 1.209149253554642200e-03 -1.029733568429946899e-02 1.628945232369005680e-03 2.189002698287367821e-03 3.994521393906325102e-04 -1.479394541092915460e-05 3.994521393906325102e-04 1.163206761702895164e-03 -1.482974766986444592e-05 -1.479394541092915460e-05 -1.482974766986444592e-05 1.211839844472706318e-03
1.685655266046524048e-01 2.365717664361000061e-03 1.603253040229901671e-04 1.101905945688486099e-03 -1.328678578138351440e-01 3.419544547796249390e-03 -9.365011937916278839e-04 -3.846471430733799934e-03 9.428976918570697308e-04 5.585686885751783848e-04 -1.204081717878580093e-02 2.676818287000060081e-03 2.277351217344403267e-03 4.453497822396457195e-04 -1.750341834849677980e-05 4.453497822396457195e-04 1.188982278108596802e-03 -1.759451515681575984e-05 -1.750341834849677980e-05 -1.759451515681575984e-05 1.264448161236941814e-03
1.867485195398330688e-01 2.455290174111723900e-03 1.678232802078127861e-04 9.998629102483391762e-04 -1.468117684125900269e-01 9.860681602731347084e-04 -2.353596733883023262e-03 -3.217343240976333618e-03 1.328238751739263535e-03 1.749229501001536846e-03 -1.003520935773849487e-02 2.099259290844202042e-03 2.378809265792369843e-03 4.915556637570261955e-04 -2.173550274164881557e-05 4.915556637570261955e-04 1.216865610331296921e-03 -1.846192208176944405e-05 -2.173550274164881557e-05 -1.846192208176944405e-05 1.315188128501176834e-03
2.048677653074264526e-01 2.545579103752970695e-03 1.766312634572386742e-04 8.918239473132416606e-05 -1.614609509706497192e-01 -1.945558586157858372e-03 -2.803262323141098022e-03 2.880250394809991121e-04 2.004918875172734261e-03 2.219283254817128181e-03 -4.724953789263963699e-03 -3.701886162161827087e-04 2.483496442437171936e-03 5.418382934294641018e-04 -2.251190562674310058e-05 5.418382934294641018e-04 1.248453743755817413e-03 -1.570524545968510211e-05 -2.251190562674310058e-05 -1.570524545968510211e-05 1.358926063403487206e-03
2.229170650243759155e-01 2.639055252075195312e-03 1.822967897169291973e-04 -6.086447974666953087e-04 -1.706417053937911987e-01 -2.372104441747069359e-03 -2.639273414388298988e-03 1.441120170056819916e-03 1.181600731797516346e-03 2.570524811744689941e-03 1.074307365342974663e-03 -8.391484734602272511e-04 2.590612974017858505e-03 5.925287841819226742e-04 -2.399524601059965789e-05 5.925287841819226742e-04 1.278984011150896549e-03 -1.336423792963614687e-05 -2.399524601059965789e-05 -1.336423792963614687e-05 1.407876960001885891e-03
2.408902794122695923e-01 2.739982679486274719e-03 1.915550092235207558e-04 -9.464077447773888707e-05 -1.824351996183395386e-01 -2.929415320977568626e-03 -2.759895054623484612e-03 1.019790070131421089e-03 -8.429745212197303772e-04 2.215254120528697968e-03 5.425466224551200867e-03 -1.032536034472286701e-03 2.708928892388939857e-03 6.403714651241898537e-04 -3.406487303436733782e-05 6.403714651241898537e-04 1.308429986238479614e-03 -1.389469707646640018e-05 -3.406487303436733782e-05 -1.389469707646640018e-05 1.461922074668109417e-03
2.587812542915344238e-01 2.847097115591168404e-03 2.010978496400639415e-04 -1.001480035483837128e-03 -1.905469894409179688e-01 -2.055119955912232399e-03 -1.894638291560113430e-03 1.487746252678334713e-03 -1.150611438788473606e-03 1.454063225537538528e-03 2.070683753117918968e-03 -3.533178241923451424e-04 2.838061656802892685e-03 6.846174364909529686e-04 -4.130273737246170640e-05 6.846174364909529686e-04 1.340705319307744503e-03 -1.566197715874295682e-05 -4.130273737246170640e-05 -1.566197715874295682e-05 1.515589305199682713e-03
2.765839099884033203e-01 2.955076051875948906e-03 2.127323677996173501e-04 -2.446238650009036064e-03 -2.031622380018234253e-01 -4.952165298163890839e-03 4.045251625939272344e-05 3.048355691134929657e-03 -9.700946393422782421e-04 9.803753346204757690e-04 -2.522089285776019096e-03 -6.671561859548091888e-04 2.965701976791024208e-03 7.225124863907694817e-04 -4.134610207984223962e-05 7.225124863907694817e-04 1.375060062855482101e-03 -1.754954973876010627e-05 -4.134610207984223962e-05 -1.754954973876010627e-05 1.568770618177950382e-03
2.942921519279479980e-01 3.068285761401057243e-03 2.251430269097909331e-04 -1.148657756857573986e-03 -2.139442712068557739e-01 -4.287233110517263412e-03 -2.804560645017772913e-04 1.073491759598255157e-03 6.487294012913480401e-05 1.930783619172871113e-03 -5.334533285349607468e-03 8.899904059944674373e-05 3.104552160948514938e-03 7.598623633384704590e-04 -3.361169729032553732e-05 7.598623633384704590e-04 1.409883378073573112e-03 -1.858718133007641882e-05 -3.361169729032553732e-05 -1.858718133007641882e-05 1.621870789676904678e-03
3.118999004364013672e-01 3.188832430168986320e-03 2.363383100600913167e-04 -1.404548413120210171e-03 -2.210604399442672729e-01 -3.585289465263485909e-03 6.750118918716907501e-04 3.465038025751709938e-04 1.540828845463693142e-03 2.312892815098166466e-03 -7.186793256551027298e-03 1.191731425933539867e-03 3.248826600611209869e-03 7.991581223905086517e-04 -2.778055750241037458e-05 7.991581223905086517e-04 1.448416034691035748e-03 -1.622180752747226506e-05 -2.778055750241037458e-05 -1.622180752747226506e-05 1.680195564404129982e-03
3.294011950492858887e-01 3.315777517855167389e-03 2.466665173415094614e-04 -1.870392006821930408e-03 -2.289009839296340942e-01 -2.720714779570698738e-03 1.044005039148032665e-03 -1.593568013049662113e-04 3.017693990841507912e-03 1.974422251805663109e-03 -8.340120315551757812e-03 2.017982536926865578e-03 3.392786253243684769e-03 8.432452450506389141e-04 -2.416155803075525910e-05 8.432452450506389141e-04 1.493992516770958900e-03 -1.689537930360529572e-05 -2.416155803075525910e-05 -1.689537930360529572e-05 1.744742388837039471e-03
3.467900454998016357e-01 3.444160334765911102e-03 2.577087434474378824e-04 -1.722424756735563278e-03 -2.401075214147567749e-01 -1.125461887568235397e-03 2.292944816872477531e-03 5.871046450920403004e-04 5.100894253700971603e-03 1.012667198665440083e-03 -8.233907632529735565e-03 1.122273039072751999e-03 3.533742623403668404e-03 8.866974385455250740e-04 -1.984218215511646122e-05 8.866974385455250740e-04 1.540285767987370491e-03 -1.809481000236701220e-05 -1.984218215511646122e-05 -1.809481000236701220e-05 1.814730465412139893e-03
3.640605211257934570e-01 3.568192943930625916e-03 2.757699985522776842e-04 4.157311559538356960e-05 -2.521519958972930908e-01 7.152149919420480728e-04 2.175695030018687248e-03 -1.229355577379465103e-03 5.660828202962875366e-03 2.063527608697768301e-05 -6.497105117887258530e-03 1.144532463513314724e-03 3.678841982036828995e-03 9.270742302760481834e-04 -1.560447162773925811e-05 9.270742302760481834e-04 1.582085969857871532e-03 -1.920420618262141943e-05 -1.560447162773925811e-05 -1.920420618262141943e-05 1.875921385362744331e-03
3.812067210674285889e-01 3.691286547109484673e-03 2.893791242968291044e-04 -1.603411510586738586e-03 -2.592035830020904541e-01 -1.021748990751802921e-03 2.324775094166398048e-03 -1.792290277080610394e-04 4.340835381299257278e-03 3.159713232889771461e-04 -7.119946181774139404e-03 1.826230087317526340e-03 3.824157407507300377e-03 9.678859496489167213e-04 -1.242729831574251875e-05 9.678859496489167213e-04 1.622618408873677254e-03 -1.875394809758290648e-05 -1.242729831574251875e-05 -1.875394809758290648e-05 1.935816602781414986e-03
3.982227742671966553e-01 3.819700330495834351e-03 3.053619584534317255e-04 -2.168551785871386528e-03 -2.683255374431610107e-01 -3.095527179539203644e-03 2.955980366095900536e-03 1.897064154036343098e-03 4.082749132066965103e-03 -1.769727095961570740e-03 -1.151302922517061234e-02 3.852426598314195871e-04 3.968099597841501236e-03 1.005216268822550774e-03 -1.095193238143110648e-05 1.005216268822550774e-03 1.660389592871069908e-03 -1.163465822173748165e-05 -1.095193238143110648e-05 -1.163465822173748165e-05 2.009795047342777252e-03
4.151028990745544434e-01 3.956306725740432739e-03 3.214328025933355093e-04 -1.445189118385314941e-03 -2.805255949497222900e-01 -8.534385706298053265e-04 2.254633931443095207e-03 1.397271174937486649e-03 3.075076965615153313e-03 -2.887842420022934675e-04 -1.193131506443023682e-02 -3.157071841997094452e-05 4.123304039239883423e-03 1.048611360602080822e-03 -1.168383278127294034e-05 1.048611360602080822e-03 1.700438559055328369e-03 -5.138058895681751892e-06 -1.168383278127294034e-05 -5.138058895681751892e-06 2.089156536385416985e-03
4.318413138389587402e-01 4.090985748916864395e-03 3.319857642054557800e-04 -1.275727641768753529e-03 -2.839547395706176758e-01 1.737153739668428898e-03 1.678211265243589878e-03 9.717431385070085526e-04 1.715770573355257511e-03 7.000292534939944744e-04 -9.252558462321758270e-03 3.372103383298963308e-04 4.270770587027072906e-03 1.088491408154368401e-03 -1.685774623183533549e-05 1.088491408154368401e-03 1.741342712193727493e-03 -3.312821036161039956e-06 -1.685774623183533549e-05 -3.312821036161039956e-06 2.169609069824218750e-03
4.484323263168334961e-01 4.224531818181276321e-03 3.487230569589883089e-04 -1.099693938158452511e-03 -2.884083986282348633e-01 2.604919485747814178e-03 1.873156172223389149e-03 2.572604862507432699e-04 1.060234280885197222e-04 3.549394896253943443e-04 -5.131302867084741592e-03 9.663084638305008411e-04 4.420692566782236099e-03 1.128062023781239986e-03 -1.621128831175155938e-05 1.128062023781239986e-03 1.782138249836862087e-03 -2.630893732202821411e-06 -1.621128831175155938e-05 -2.630893732202821411e-06 2.246030606329441071e-03
4.648702442646026611e-01 4.351126495748758316e-03 3.657002234831452370e-04 -2.777036046609282494e-03 -2.970566749572753906e-01 -2.343636442674323916e-04 2.553788013756275177e-03 1.130883465521037579e-03 6.673382595181465149e-04 -2.648110094014555216e-04 -1.937585533596575260e-03 1.605574507266283035e-03 4.570914898067712784e-03 1.168335787951946259e-03 -1.347505804005777463e-05 1.168335787951946259e-03 1.825219369493424892e-03 -4.756417979479010683e-07 -1.347505804005777463e-05 -4.756417979479010683e-07 2.307001966983079910e-03
4.811494946479797363e-01 4.473069682717323303e-03 3.891212691087275743e-04 -8.769419509917497635e-04 -3.185599148273468018e-01 -3.586128354072570801e-03 2.149860607460141182e-03 -1.189264818094670773e-03 -1.180369639769196510e-03 2.537393011152744293e-03 1.117298379540443420e-03 2.139202551916241646e-03 4.718829412013292313e-03 1.204876112751662731e-03 -5.659360340359853581e-06 1.204876112751662731e-03 1.865755766630172729e-03 -7.440982017214992084e-07 -5.659360340359853581e-06 -7.440982017214992084e-07 2.359556034207344055e-03
4.972644746303558350e-01 4.611874464899301529e-03 4.065758548676967621e-04 -8.809083956293761730e-04 -3.256161808967590332e-01 -4.972793627530336380e-03 5.881638498976826668e-04 -1.124343485571444035e-03 -9.856438264250755310e-04 1.936402171850204468e-03 2.670445246621966362e-03 2.175148343667387962e-03 4.884616006165742874e-03 1.246054656803607941e-03 -3.212763431292842142e-06 1.246054656803607941e-03 1.908165635541081429e-03 -2.759975359367672354e-06 -3.212763431292842142e-06 -2.759975359367672354e-06 2.430686261504888535e-03
5.132097005844116211e-01 4.758930299431085587e-03 4.246978496666997671e-04 -1.976479077711701393e-03 -3.315019905567169189e-01 -6.558271590620279312e-03 -1.924841490108519793e-05 -3.856587281916290522e-04 -2.040686784312129021e-03 1.156184938736259937e-03 7.383622229099273682e-03 2.283075591549277306e-03 5.054919514805078506e-03 1.292979926802217960e-03 -5.975772182864602655e-06 1.292979926802217960e-03 1.952288439497351646e-03 -2.380971864113234915e-06 -5.975772182864602655e-06 -2.380971864113234915e-06 2.510442165657877922e-03
5.289797782897949219e-01 4.911560565233230591e-03 4.471099236980080605e-04 -3.677584463730454445e-03 -3.428264558315277100e-01 -2.782532712444663048e-03 5.631959065794944763e-04 2.124040765920653939e-04 -6.546544027514755726e-04 2.112574176862835884e-03 2.998272888362407684e-03 3.624894656240940094e-03 5.236523225903511047e-03 1.341068651527166367e-03 -1.620912553335074335e-05 1.341068651527166367e-03 1.996125793084502220e-03 -1.304251782130450010e-06 -1.620912553335074335e-05 -1.304251782130450010e-06 2.590963384136557579e-03
5.445692539215087891e-01 5.060082301497459412e-03 4.647497844416648149e-04 -2.527628326788544655e-03 -3.522571027278900146e-01 2.075785771012306213e-03 1.150196767412126064e-03 -3.426065959502011538e-04 -9.719379158923402429e-05 4.520282673183828592e-04 2.012967161135748029e-04 2.838473068550229073e-03 5.414919927716255188e-03 1.380787696689367294e-03 -1.371716280118562281e-05 1.380787696689367294e-03 2.040206221863627434e-03 3.509085900077479891e-06 -1.371716280118562281e-05 3.509085900077479891e-06 2.666246844455599785e-03
5.599728226661682129e-01 5.199703853577375412e-03 4.855870211031287909e-04 -8.670836105011403561e-04 -3.607560098171234131e-01 3.732336917892098427e-03 1.232335693202912807e-03 -9.051021188497543335e-04 -1.481176004745066166e-03 6.803577416576445103e-04 3.585330443456768990e-03 1.631929073482751846e-03 5.580809433013200760e-03 1.419811975210905075e-03 -6.718218173773493618e-06 1.419811975210905075e-03 2.085701795294880867e-03 1.075153886631596833e-05 -6.718218173773493618e-06 1.075153886631596833e-05 2.731915097683668137e-03
5.751852393150329590e-01 5.344685167074203491e-03 5.090336198918521404e-04 -6.970815011300146580e-04 -3.673939406871795654e-01 3.035277128219604492e-03 1.556648057885468006e-03 -2.853644255083054304e-04 -4.232767038047313690e-03 2.503169933333992958e-03 8.744097314774990082e-03 9.609879343770444393e-04 5.754285957664251328e-03 1.459408318623900414e-03 1.001183022708573844e-06 1.459408318623900414e-03 2.130060456693172455e-03 1.056130531651433557e-05 1.001183022708573844e-06 1.056130531651433557e-05 2.806233242154121399e-03
5.902013182640075684e-01 5.480239633470773697e-03 5.333314766176044941e-04 -1.189280417747795582e-03 -3.736789226531982422e-01 3.936966415494680405e-03 2.244777744635939598e-03 5.563694867305457592e-04 -5.307529121637344360e-03 2.184540033340454102e-03 1.521459221839904785e-02 7.526042754761874676e-04 5.915373098105192184e-03 1.493418472819030285e-03 -4.326363068685168400e-06 1.493418472819030285e-03 2.171544358134269714e-03 9.494093319517560303e-06 -4.326363068685168400e-06 9.494093319517560303e-06 2.874007215723395348e-03
6.050159335136413574e-01 5.604735109955072403e-03 5.638776929117739201e-04 -6.003815797157585621e-04 -3.843678534030914307e-01 1.544647268019616604e-03 1.676941872574388981e-03 1.941344351507723331e-03 -3.325772238895297050e-03 3.180899657309055328e-03 1.764368452131748199e-02 -1.228805049322545528e-03 6.066737696528434753e-03 1.525895786471664906e-03 -1.280402193515328690e-05 1.525895786471664906e-03 2.211822196841239929e-03 4.562703452393179759e-06 -1.280402193515328690e-05 4.562703452393179759e-06 2.931278897449374199e-03
6.196240186691284180e-01 5.728222895413637161e-03 5.920435651205480099e-04 1.738533028401434422e-04 -3.890994787216186523e-01 6.869666394777595997e-04 3.810843918472528458e-05 2.159781288355588913e-03 4.670913331210613251e-04 2.062755404040217400e-03 1.051226258277893066e-02 -2.184264594689011574e-03 6.221576128154993057e-03 1.561245531775057316e-03 -2.009521449508611113e-05 1.561245531775057316e-03 2.246859949082136154e-03 3.235025815229164436e-06 -2.009521449508611113e-05 3.235025815229164436e-06 2.988414838910102844e-03
6.340205669403076172e-01 5.848348606377840042e-03 6.169299012981355190e-04 8.433961193077266216e-04 -3.959511518478393555e-01 3.247534856200218201e-03 -6.925850175321102142e-04 -3.591045679058879614e-04 2.907822839915752411e-03 7.789486553519964218e-04 1.099453074857592583e-03 -6.393292569555342197e-04 6.366313435137271881e-03 1.594932982698082924e-03 -2.189967926824465394e-05 1.594932982698082924e-03 2.286195755004882812e-03 6.158970336400670931e-06 -2.189967926824465394e-05 6.158970336400670931e-06 3.044010838493704796e-03
6.482006907463073730e-01 5.962794646620750427e-03 6.457458366639912128e-04 6.898186256876215339e-05 -4.152716696262359619e-01 7.321614306420087814e-03 -2.582460001576691866e-04 -1.134239370003342628e-03 3.929338883608579636e-03 -3.326002275571227074e-03 -3.642557887360453606e-03 1.095754210837185383e-03 6.496035959571599960e-03 1.625756383873522282e-03 -1.670582787482999265e-05 1.625756383873522282e-03 2.325023757293820381e-03 1.182206324301660061e-05 -1.670582787482999265e-05 1.182206324301660061e-05 3.105534706264734268e-03
6.621595621109008789e-01 6.067826878279447556e-03 6.864426541142165661e-04 3.136233659461140633e-03 -4.350343048572540283e-01 6.354805547744035721e-03 1.285800593905150890e-03 -2.328164177015423775e-03 4.279668908566236496e-03 -3.725169226527214050e-03 -2.197187626734375954e-03 -1.207800698466598988e-03 6.614956539124250412e-03 1.654981635510921478e-03 -1.336985042144078761e-05 1.654981635510921478e-03 2.359768142923712730e-03 1.763846012181602418e-05 -1.336985042144078761e-05 1.763846012181602418e-05 3.160565858706831932e-03
6.758923530578613281e-01 6.175932940095663071e-03 7.113788742572069168e-04 4.075008910149335861e-03 -4.474234580993652344e-01 7.908047176897525787e-03 2.374652540311217308e-03 -2.132224850356578827e-03 4.649452865123748779e-03 -2.255565021187067032e-03 -2.585328649729490280e-03 -2.622901694849133492e-03 6.732378154993057251e-03 1.690213917754590511e-03 -5.646374120260588825e-06 1.690213917754590511e-03 2.399722114205360413e-03 2.385941479587927461e-05 -5.646374120260588825e-06 2.385941479587927461e-05 3.217679448425769806e-03
6.893944740295410156e-01 6.300076842308044434e-03 7.571336464025080204e-04 4.822146147489547729e-03 -4.694703519344329834e-01 1.541830599308013916e-02 6.171576213091611862e-03 -4.448995696293422952e-06 5.400017369538545609e-03 -4.648008849471807480e-03 -1.089268550276756287e-02 -5.494060460478067398e-03 6.869592238217592239e-03 1.726050628349184990e-03 -2.055087122698751045e-07 1.726050628349184990e-03 2.437962917611002922e-03 2.608496106404345483e-05 -2.055087122698751045e-07 2.608496106404345483e-05 3.292614361271262169e-03
7.026612162590026855e-01 6.426185835152864456e-03 7.895887829363346100e-04 3.370702266693115234e-03 -4.818916022777557373e-01 1.402054727077484131e-02 7.288927678018808365e-03 2.426888095214962959e-03 5.349216982722282410e-03 -5.136110354214906693e-03 -8.084980770945549011e-03 -6.047744303941726685e-03 7.019904442131519318e-03 1.761097693815827370e-03 9.200217391480691731e-06 1.761097693815827370e-03 2.474749693647027016e-03 2.391283851466141641e-05 9.200217391480691731e-06 2.391283851466141641e-05 3.358610672876238823e-03
7.156881093978881836e-01 6.548544857650995255e-03 8.303634822368621826e-04 5.841359379701316357e-04 -4.987752735614776611e-01 8.583951741456985474e-03 7.515302393585443497e-03 3.719547064974904060e-03 4.458934534341096878e-03 -4.514975007623434067e-03 2.151830587536096573e-03 -3.760788356885313988e-03 7.169782184064388275e-03 1.793054630979895592e-03 1.489904752816073596e-05 1.793054630979895592e-03 2.506287302821874619e-03 2.238424531242344528e-05 1.489904752816073596e-05 2.238424531242344528e-05 3.420818131417036057e-03
7.284706830978393555e-01 6.672656629234552383e-03 8.766781538724899292e-04 -1.946204225532710552e-03 -5.210019946098327637e-01 7.151283789426088333e-03 6.707778666168451309e-03 3.384454874321818352e-03 3.360033035278320312e-03 -2.932469127699732780e-03 9.558425284922122955e-03 -9.598942124284803867e-04 7.331812754273414612e-03 1.827685744501650333e-03 1.277079627470811829e-05 1.827685744501650333e-03 2.538356697186827660e-03 1.512826474936446175e-05 1.277079627470811829e-05 1.512826474936446175e-05 3.475019708275794983e-03
7.410045862197875977e-01 6.797875743359327316e-03 9.259435464628040791e-04 -2.287021372467279434e-03 -5.445156693458557129e-01 8.834579028189182281e-03 3.371525323018431664e-03 -1.236252603121101856e-03 -1.551966066472232342e-03 -7.808482623659074306e-04 6.695634219795465469e-03 3.417534055188298225e-03 7.491223979741334915e-03 1.862536068074405193e-03 9.985599717765580863e-06 1.862536068074405193e-03 2.576916711404919624e-03 2.407710326224332675e-06 9.985599717765580863e-06 2.407710326224332675e-06 3.527459222823381424e-03
7.532855868339538574e-01 6.923782173544168472e-03 9.703416726551949978e-04 -2.845392795279622078e-03 -5.725401043891906738e-01 7.797438185662031174e-03 9.783796267583966255e-04 -1.045176875777542591e-03 -4.072663839906454086e-03 5.380086367949843407e-04 5.710121709853410721e-03 3.703683614730834961e-03 7.642557844519615173e-03 1.889927079901099205e-03 1.085252279153792188e-05 1.889927079901099205e-03 2.612922806292772293e-03 -4.095776148460572585e-06 1.085252279153792188e-05 -4.095776148460572585e-06 3.592371940612792969e-03
7.653093934059143066e-01 7.047731429338455200e-03 1.029083854518830776e-03 -6.206335965543985367e-03 -6.006439328193664551e-01 7.403511554002761841e-03 -1.826811116188764572e-03 1.805562525987625122e-03 -4.088629502803087234e-03 1.423229346983134747e-03 5.613946821540594101e-03 5.488035734742879868e-03 7.785446010529994965e-03 1.910617225803434849e-03 1.629190774110611528e-05 1.910617225803434849e-03 2.644235268235206604e-03 -3.625380941230105236e-06 1.629190774110611528e-05 -3.625380941230105236e-06 3.665820695459842682e-03
7.770719528198242188e-01 7.169811055064201355e-03 1.090984209440648556e-03 -7.713777478784322739e-03 -6.276901364326477051e-01 2.967766486108303070e-03 -9.477013372816145420e-04 2.716129878535866737e-03 8.493151399306952953e-04 -2.206267323344945908e-03 7.129148580133914948e-04 5.725777242332696915e-03 7.918204180896282196e-03 1.937535591423511505e-03 1.691458419372793287e-05 1.937535591423511505e-03 2.673004521057009697e-03 -1.103715135286620352e-06 1.691458419372793287e-05 -1.103715135286620352e-06 3.748283488675951958e-03
7.885692715644836426e-01 7.289489731192588806e-03 1.180490362457931042e-03 -6.240926217287778854e-03 -6.751251220703125000e-01 -2.223202260211110115e-03 2.249618526548147202e-03 4.575634375214576721e-03 7.963955402374267578e-03 1.145326648838818073e-03 3.280668519437313080e-03 1.248552463948726654e-03 8.050980977714061737e-03 1.975384773686528206e-03 1.205512489832472056e-05 1.975384773686528206e-03 2.700677607208490372e-03 -1.796087190086836927e-07 1.205512489832472056e-05 -1.796087190086836927e-07 3.827641252428293228e-03
7.997973561286926270e-01 7.408149540424346924e-03 1.234582043252885342e-03 -6.193760316818952560e-03 -6.956312656402587891e-01 -3.125841496512293816e-03 3.366854041814804077e-03 7.070173975080251694e-03 9.201478213071823120e-03 5.451641511172056198e-03 3.661256516352295876e-03 -1.113762031309306622e-03 8.191235363483428955e-03 2.010312629863619804e-03 1.586981852597091347e-05 2.010312629863619804e-03 2.729712054133415222e-03 3.022157898158184253e-06 1.586981852597091347e-05 3.022157898158184253e-06 3.896236419677734375e-03
8.107524514198303223e-01 7.522233296185731888e-03 1.305434736423194408e-03 -5.913805216550827026e-03 -7.217242121696472168e-01 -4.656768869608640671e-03 4.519917070865631104e-03 5.347544793039560318e-03 6.084498018026351929e-03 3.383483737707138062e-03 -3.108960809186100960e-03 5.104933516122400761e-04 8.336095139384269714e-03 2.037767786532640457e-03 1.957429412868805230e-05 2.037767786532640457e-03 2.756426343694329262e-03 2.534726036174106412e-06 1.957429412868805230e-05 2.534726036174106412e-06 3.951216582208871841e-03
8.214308023452758789e-01 7.636134978383779526e-03 1.412885379977524281e-03 -6.635475438088178635e-03 -7.678537964820861816e-01 -6.122687365859746933e-03 4.587509203702211380e-03 7.443349808454513550e-03 1.913100131787359715e-03 2.694549271836876869e-03 1.154722063802182674e-03 1.159049352281726897e-04 8.479070849716663361e-03 2.060710452497005463e-03 2.613016113173216581e-05 2.060710452497005463e-03 2.784372074529528618e-03 7.441352863679639995e-06 2.613016113173216581e-05 7.441352863679639995e-06 4.009394440799951553e-03
8.318287134170532227e-01 7.747100200504064560e-03 1.503395265899598598e-03 -4.738355986773967743e-03 -7.944645881652832031e-01 -5.648491438478231430e-03 3.961931914091110229e-03 2.946930006146430969e-03 4.920538980513811111e-03 3.587031038478016853e-03 -4.342937376350164413e-03 6.885685143060982227e-04 8.610199205577373505e-03 2.087895758450031281e-03 2.618132020870689303e-05 2.087895758450031281e-03 2.806325443089008331e-03 1.056244582287035882e-05 2.618132020870689303e-05 1.056244582287035882e-05 4.078190308064222336e-03
8.419426679611206055e-01 7.860472425818443298e-03 1.607794896699488163e-03 -1.433309080312028527e-04 -8.231329321861267090e-01 -9.394681081175804138e-03 2.059664810076355934e-03 -1.397550571709871292e-03 5.976141896098852158e-03 2.753552282229065895e-03 -3.242900362238287926e-03 9.742926922626793385e-04 8.752874098718166351e-03 2.112695714458823204e-03 2.230641985079273582e-05 2.112695714458823204e-03 2.826472278684377670e-03 1.558427720738109201e-05 2.230641985079273582e-05 1.558427720738109201e-05 4.140449222177267075e-03
8.517692089080810547e-01 7.978991605341434479e-03 1.702616806142032146e-03 -4.804647469427436590e-04 -8.647208809852600098e-01 -8.847488090395927429e-03 1.761471503414213657e-03 -1.203745719976723194e-03 2.924747532233595848e-03 3.434216603636741638e-03 3.356429981067776680e-03 1.909873797558248043e-03 8.895343169569969177e-03 2.142280573025345802e-03 1.070750568032963201e-05 2.142280573025345802e-03 2.847321331501007080e-03 1.281820641452213749e-05 1.070750568032963201e-05 1.281820641452213749e-05 4.217174369841814041e-03
8.613049983978271484e-01 8.086014539003372192e-03 1.849396736361086369e-03 -3.899475792422890663e-03 -9.219698905944824219e-01 -9.937934810295701027e-04 3.194633871316909790e-03 4.139459226280450821e-03 1.474065706133842468e-03 2.568680094555020332e-03 2.474649343639612198e-03 1.088026678189635277e-03 9.010570123791694641e-03 2.162329154089093208e-03 5.777214482804993168e-06 2.162329154089093208e-03 2.869630930945277214e-03 3.122846919723087922e-06 5.777214482804993168e-06 3.122846919723087922e-06 4.291576333343982697e-03
8.705467581748962402e-01 8.195479400455951691e-03 1.974660670384764671e-03 -6.167998071759939194e-03 -9.686525464057922363e-01 -1.721274202282074839e-05 4.811790306121110916e-03 9.461809881031513214e-03 3.318603383377194405e-03 1.396682579070329666e-03 -9.095358545891940594e-04 -2.148869447410106659e-03 9.133257903158664703e-03 2.176376990973949432e-03 4.239027475705370307e-06 2.176376990973949432e-03 2.887625945731997490e-03 -8.721978701942134649e-06 4.239027475705370307e-06 -8.721978701942134649e-06 4.368618596345186234e-03
8.794913887977600098e-01 8.312553167343139648e-03 2.147782593965530396e-03 -8.407202549278736115e-03 -1.032956480979919434e+00 -2.526110503822565079e-03 4.498546477407217026e-03 1.031428296118974686e-02 4.821905866265296936e-03 2.103856531903147697e-03 8.093989454209804535e-03 -1.902424264699220657e-03 9.270931594073772430e-03 2.189205260947346687e-03 -2.458401695548673160e-06 2.189205260947346687e-03 2.903255401179194450e-03 -1.009107472782488912e-05 -2.458401695548673160e-06 -1.009107472782488912e-05 4.449974279850721359e-03
8.881357312202453613e-01 8.443509228527545929e-03 2.284142421558499336e-03 -6.842335686087608337e-03 -1.075763344764709473e+00 -4.397489596158266068e-03 2.875948324799537659e-03 8.151869289577007294e-03 5.836607422679662704e-03 1.799966092221438885e-03 1.573075726628303528e-02 -1.381937996484339237e-03 9.433003142476081848e-03 2.195958746597170830e-03 6.692330316582228988e-06 2.195958746597170830e-03 2.916374476626515388e-03 1.701398446130042430e-06 6.692330316582228988e-06 1.701398446130042430e-06 4.536887165158987045e-03
8.964769244194030762e-01 8.588384836912155151e-03 2.483668038621544838e-03 4.169679305050522089e-04 -1.136368870735168457e+00 -2.863063476979732513e-03 2.242658752948045731e-03 5.722202826291322708e-03 3.980868030339479446e-03 1.460702624171972275e-04 4.303706809878349304e-04 -5.431526806205511093e-03 9.616118855774402618e-03 2.198936883360147476e-03 2.127984589606057853e-05 2.198936883360147476e-03 2.926654880866408348e-03 9.119100468524266034e-06 2.127984589606057853e-05 9.119100468524266034e-06 4.633392207324504852e-03
9.045121073722839355e-01 8.734830655157566071e-03 2.740160329267382622e-03 8.495488204061985016e-03 -1.223864555358886719e+00 -4.240013004164211452e-05 2.950551919639110565e-03 -1.555282622575759888e-03 3.627275291364639997e-04 -3.807035507634282112e-03 -1.223551202565431595e-02 -6.203986704349517822e-03 9.810158051550388336e-03 2.203958574682474136e-03 1.703276757325511426e-05 2.203958574682474136e-03 2.923990366980433464e-03 5.541182417800882831e-06 1.703276757325511426e-05 5.541182417800882831e-06 4.735995084047317505e-03
9.122385382652282715e-01 8.874389342963695526e-03 3.015295369550585747e-03 1.194182038307189941e-02 -1.319030761718750000e+00 2.951027418021112680e-04 4.819945432245731354e-03 -7.603751961141824722e-03 3.669775614980608225e-04 -5.415249615907669067e-03 -8.420421741902828217e-03 -2.787285484373569489e-03 1.000674627721309662e-02 2.214197535067796707e-03 1.559092743264045566e-05 2.214197535067796707e-03 2.910124137997627258e-03 1.578522301315388177e-06 1.559092743264045566e-05 1.578522301315388177e-06 4.831487312912940979e-03
9.196535348892211914e-01 9.021748788654804230e-03 3.324493765830993652e-03 9.747410193085670471e-03 -1.433782935142517090e+00 3.557085292413830757e-03 7.963632233440876007e-03 -3.160278545692563057e-03 3.597889095544815063e-03 -5.933299195021390915e-03 -1.318931300193071365e-02 -5.475910846143960953e-03 1.024281326681375504e-02 2.224272117018699646e-03 8.626831913716159761e-06 2.224272117018699646e-03 2.889594528824090958e-03 2.243278686364647001e-06 8.626831913716159761e-06 2.243278686364647001e-06 4.908921662718057632e-03
9.267545938491821289e-01 9.193826466798782349e-03 3.736830549314618111e-03 5.334096029400825500e-03 -1.602553248405456543e+00 7.017700467258691788e-03 1.043957937508821487e-02 -2.354449359700083733e-03 4.163574893027544022e-03 -7.547906134277582169e-03 -8.992895483970642090e-03 -3.384583862498402596e-03 1.051971595734357834e-02 2.233511069789528847e-03 9.875760952127166092e-06 2.233511069789528847e-03 2.865517977625131607e-03 3.284078502474585548e-07 9.875760952127166092e-06 3.284078502474585548e-07 5.000549368560314178e-03
9.335392713546752930e-01 9.387995116412639618e-03 4.161023069173097610e-03 2.419813303276896477e-03 -1.775303483009338379e+00 1.819346658885478973e-02 6.468039005994796753e-03 -3.173109842464327812e-03 3.087671473622322083e-03 -8.492692373692989349e-03 -1.411388721317052841e-02 -1.069695805199444294e-03 1.085378415882587433e-02 2.244981471449136734e-03 1.435866943211294711e-05 2.244981471449136734e-03 2.830256475135684013e-03 -4.943420663039432839e-06 1.435866943211294711e-05 -4.943420663039432839e-06 5.090241320431232452e-03
9.400053024291992188e-01 9.607514366507530212e-03 4.531867802143096924e-03 2.564536407589912415e-03 -1.928366303443908691e+00 2.829158306121826172e-02 2.099501434713602066e-03 -4.401080310344696045e-03 3.373875282704830170e-03 -9.430829435586929321e-03 -5.089673679322004318e-03 2.562215318903326988e-03 1.127337757498025894e-02 2.241839887574315071e-03 1.482894094806397334e-05 2.241839887574315071e-03 2.769601764157414436e-03 -8.852995961206033826e-06 1.482894094806397334e-05 -8.852995961206033826e-06 5.169719457626342773e-03
9.461504817008972168e-01 9.855183772742748260e-03 5.258655175566673279e-03 3.844381542876362801e-03 -2.243235588073730469e+00 3.686136379837989807e-02 -3.246846375986933708e-03 -1.303598377853631973e-02 1.017267350107431412e-02 -6.135903764516115189e-03 6.503231823444366455e-03 1.215142291039228439e-02 1.179236825555562973e-02 2.234825165942311287e-03 1.515647272753994912e-05 2.234825165942311287e-03 2.676690695807337761e-03 -1.010225878417259082e-05 1.515647272753994912e-05 -1.010225878417259082e-05 5.238881334662437439e-03
9.519726037979125977e-01 1.013136282563209534e-02 5.875565577298402786e-03 4.147097934037446976e-03 -2.557490825653076172e+00 3.050530888140201569e-02 -5.694747436791658401e-03 -1.828908547759056091e-02 1.782152615487575531e-02 -4.616967402398586273e-03 7.789310067892074585e-03 1.529064495116472244e-02 1.243650075048208237e-02 2.229292644187808037e-03 1.063271974999224767e-05 2.229292644187808037e-03 2.566121518611907959e-03 -6.354280685627600178e-06 1.063271974999224767e-05 -6.354280685627600178e-06 5.256844218820333481e-03
9.574698209762573242e-01 1.045898254960775375e-02 6.707958411425352097e-03 3.506458597257733345e-03 -3.037101030349731445e+00 2.686773985624313354e-02 -6.476713810116052628e-03 -2.200986444950103760e-02 2.074231021106243134e-02 -1.491001225076615810e-03 8.118223398923873901e-03 1.885376684367656708e-02 1.321360561996698380e-02 2.215987537056207657e-03 1.674740474300051574e-06 2.215987537056207657e-03 2.430532593280076981e-03 -6.427776042983168736e-06 1.674740474300051574e-06 -6.427776042983168736e-06 5.268208216875791550e-03
9.626401662826538086e-01 1.085455063730478287e-02 7.828948087990283966e-03 2.271512290462851524e-03 -3.814601898193359375e+00 3.788916394114494324e-02 -4.178436473011970520e-03 -1.969945617020130157e-02 2.156405709683895111e-02 2.602081978693604469e-03 1.005713548511266708e-02 1.646078191697597504e-02 1.417134795337915421e-02 2.198318950831890106e-03 -1.491975672252010554e-05 2.198318950831890106e-03 2.259181579574942589e-03 -5.722672085539670661e-06 -1.491975672252010554e-05 -5.722672085539670661e-06 5.275988951325416565e-03
9.674819111824035645e-01 1.128634531050920486e-02 9.058467112481594086e-03 2.305842470377683640e-03 -4.848135471343994141e+00 4.336225986480712891e-02 -3.600120835471898317e-04 -9.000963531434535980e-03 2.193748950958251953e-02 2.916380064561963081e-03 5.256645381450653076e-03 6.893324200063943863e-03 1.528443861752748489e-02 2.167853526771068573e-03 -1.515443454991327599e-05 2.167853526771068573e-03 2.049746224656701088e-03 -3.518114908729330637e-06 -1.515443454991327599e-05 -3.518114908729330637e-06 5.237066652625799179e-03
9.719933867454528809e-01 1.173485070466995239e-02 1.058482658118009567e-02 -2.545353723689913750e-03 -6.514479160308837891e+00 4.437043890357017517e-02 4.900947213172912598e-03 2.950798720121383667e-03 1.801931671798229218e-02 4.067550878971815109e-03 7.854511030018329620e-03 -1.645584939979016781e-03 1.653800159692764282e-02 2.111938316375017166e-03 4.348366019257809967e-06 2.111938316375017166e-03 1.797745702788233757e-03 -4.629599970940034837e-06 4.348366019257809967e-06 -4.629599970940034837e-06 5.136003252118825912e-03
9.761730432510375977e-01 1.215438079088926315e-02 1.197677105665206909e-02 -6.796607747673988342e-03 -8.463752746582031250e+00 4.808206483721733093e-02 6.821013987064361572e-03 4.066471476107835770e-03 1.473806798458099365e-02 3.179772989824414253e-03 -3.532405535224825144e-04 1.476344652473926544e-03 1.786435768008232117e-02 2.025638008490204811e-03 2.767039950413163751e-05 2.025638008490204811e-03 1.505430671386420727e-03 -1.325266453022777569e-06 2.767039950413163751e-05 -1.325266453022777569e-06 4.946755245327949524e-03
9.800194501876831055e-01 1.246555056422948837e-02 1.336714345961809158e-02 -5.558490753173828125e-03 -1.108709716796875000e+01 5.160706862807273865e-02 5.202434491366147995e-03 -3.706900402903556824e-03 1.224482711404561996e-02 -1.492582523496821523e-04 -1.178095117211341858e-02 8.363361470401287079e-03 1.908013783395290375e-02 1.899713417515158653e-03 5.638038419419899583e-05 1.899713417515158653e-03 1.199223101139068604e-03 3.533406470523914322e-06 5.638038419419899583e-05 3.533406470523914322e-06 4.667771048843860626e-03
9.835313558578491211e-01 1.254024729132652283e-02 1.466765999794006348e-02 -2.783289877697825432e-03 -1.457868957519531250e+01 4.892982915043830872e-02 1.997550949454307556e-03 -1.212029252201318741e-02 1.009576488286256790e-02 -3.829748602584004402e-03 -1.826271973550319672e-02 1.343252230435609818e-02 1.993332616984844208e-02 1.715526217594742775e-03 6.492667307611554861e-05 1.715526217594742775e-03 8.971501956693828106e-04 4.019383595732506365e-06 6.492667307611554861e-05 4.019383595732506365e-06 4.285403061658143997e-03
9.867075085639953613e-01 1.213919464498758316e-02 1.620194129645824432e-02 -6.354248616844415665e-03 -2.141235542297363281e+01 3.788808360695838928e-02 1.312115928158164024e-04 -1.112210098654031754e-02 4.982893820852041245e-03 -5.122687201946973801e-03 8.474104106426239014e-04 1.564829051494598389e-02 1.991768181324005127e-02 1.457936945371329784e-03 6.144788494566455483e-05 1.457936945371329784e-03 6.178937619552016258e-04 4.848832304560346529e-06 6.144788494566455483e-05 4.848832304560346529e-06 3.797665005549788475e-03
9.895468354225158691e-01 1.101057510823011398e-02 1.686748303472995758e-02 -7.194437552243471146e-03 -2.685744667053222656e+01 3.074736334383487701e-02 2.165010519092902541e-04 -8.081377483904361725e-03 1.158989383839070797e-03 -4.048697650432586670e-03 1.515490096062421799e-02 1.398404967039823532e-02 1.846839860081672668e-02 1.124529051594436169e-03 5.617492206511087716e-05 1.124529051594436169e-03 3.837673284579068422e-04 5.058080205344595015e-06 5.617492206511087716e-05 5.058080205344595015e-06 3.234911011531949043e-03
9.920483827590942383e-01 9.022738784551620483e-03 1.759346760809421539e-02 -1.191371236927807331e-03 -3.698730087280273438e+01 1.352410484105348587e-02 3.878795250784605742e-04 -7.804289460182189941e-03 -9.220463107340037823e-04 -2.318494720384478569e-03 1.428427826613187790e-02 8.928621187806129456e-03 1.528120506554841995e-02 7.491462165489792824e-04 4.160090247751213610e-05 7.491462165489792824e-04 2.077302779071033001e-04 3.206552037227083929e-06 4.160090247751213610e-05 3.206552037227083929e-06 2.611233387142419815e-03
9.942112565040588379e-01 6.362573709338903427e-03 1.887776143848896027e-02 1.577432150952517986e-03 -4.205354309082031250e+01 5.910644773393869400e-03 1.685245661064982414e-04 -1.106074918061494827e-02 -3.715378988999873400e-04 -1.615053042769432068e-03 1.105226948857307434e-02 9.177774190902709961e-03 1.070014666765928268e-02 4.042846267111599445e-04 1.516719657956855372e-05 4.042846267111599445e-04 9.286509884987026453e-05 1.120174260904605035e-06 1.516719657956855372e-05 1.120174260904605035e-06 1.934944652020931244e-03
9.960347414016723633e-01 3.672612598165869713e-03 2.197658270597457886e-02 2.050956944003701210e-03 -4.715238571166992188e+01 9.490549564361572266e-05 -2.441841024847235531e-05 -1.385542005300521851e-02 2.574897080194205046e-04 -8.104913868010044098e-04 1.568078063428401947e-02 1.064524892717599869e-02 6.001120898872613907e-03 1.625206205062568188e-04 -4.263659320713486522e-06 1.625206205062568188e-04 3.155931335641071200e-05 1.837726415487850318e-07 -4.263659320713486522e-06 1.837726415487850318e-07 1.258257078006863594e-03
9.975182414054870605e-01 1.651610713452100754e-03 2.495492249727249146e-02 9.553809650242328644e-04 -4.912655639648437500e+01 -1.172610791400074959e-03 -3.002721086886595003e-06 -1.167699694633483887e-02 2.529176708776503801e-04 -5.220202729105949402e-04 2.640464343130588531e-02 9.522498585283756256e-03 2.560164546594023705e-03 4.407634332892484963e-05 -6.969083187868818641e-06 4.407634332892484963e-05 7.123333034542156383e-06 -1.538126426225971954e-08 -6.969083187868818641e-06 -1.538126426225971954e-08 6.647986592724919319e-04
9.986612200736999512e-01 5.341759533621370792e-04 2.755141258239746094e-02 2.973050577566027641e-04 -4.984718704223632812e+01 -9.899581782519817352e-04 1.160739338956773281e-05 -7.052580360323190689e-03 9.363869321532547474e-05 -3.345671575516462326e-04 3.777003660798072815e-02 5.999963730573654175e-03 7.677694666199386120e-04 6.964557542232796550e-06 -3.049322913284413517e-06 6.964557542232796550e-06 8.302507694679661654e-07 -9.567429515300318599e-09 -3.049322913284413517e-06 -9.567429515300318599e-09 2.485807635821402073e-04
9.994632601737976074e-01 9.953567496268078685e-05 2.899411506950855255e-02 1.532345777377486229e-04 -4.993375015258789062e+01 -5.887371371500194073e-04 5.878657702851342037e-06 -4.105944652110338211e-03 3.126882074866443872e-05 -2.041844854829832911e-04 4.307178780436515808e-02 3.520975587889552116e-03 1.249524357262998819e-04 4.329116620738204801e-07 -5.604652528745646123e-07 4.329116620738204801e-07 2.714969937755995488e-08 -7.955607839171818796e-10 -5.604652528745646123e-07 -7.955607839171818796e-10 4.812591214431449771e-05
9.998791217803955078e-01 6.777798716939287260e-06 3.088370896875858307e-02 3.153108264086768031e-05 -4.996665573120117188e+01 -1.125223134295083582e-04 3.006423128226742847e-07 -8.062386768870055676e-04 1.133706746259122156e-06 -4.138921576668508351e-05 4.810596629977226257e-02 6.931002135388553143e-04 6.383126674336381257e-06 4.795742913898948245e-09 -2.946128319081253721e-08 4.795742913898948245e-09 7.912660804354487709e-11 -1.029991456708012620e-11 -2.946128319081253721e-08 -1.029991456708012620e-11 2.696725232453900389e-06
